7.366845488856e-15
1.243741985255e-14
1.446407694985e-14
1.331453553829e-14
1.021962439505e-14
6.736272529444e-15
3.964476181476e-15
2.295254409919e-15
1.558797958685e-15
1.345179355470e-15
1.286822695469e-15
1.194152646947e-15
1.046416568641e-15
9.059498239036e-16
8.319236511150e-16
8.378711359610e-16
8.937510323936e-16
9.672650231326e-16
1.026669268221e-15
1.077151630573e-15
1.139102482890e-15
1.231424629830e-15
1.371107358476e-15
1.557343168780e-15
1.782137169561e-15
2.039431745385e-15
2.323581789625e-15
2.634229658047e-15
2.972545754498e-15
3.339085813997e-15
3.731753205135e-15
4.146974175712e-15
4.581734741940e-15
5.039076313008e-15
5.524599756455e-15
6.044026419257e-15
6.599504876232e-15
7.192125632398e-15
7.822900676482e-15
8.492620596750e-15
9.201387684276e-15
9.948918447969e-15
1.073464964386e-14
1.155798715816e-14
1.241918066105e-14
1.331868208833e-14
1.425690145413e-14
1.523420547699e-14
1.625088460490e-14
1.730704672575e-14
1.840269223094e-14
1.953774030170e-14
2.071202604814e-14
2.192536560142e-14
2.317777688055e-14
2.446930865756e-14
2.579997720047e-14
2.716976605982e-14
2.857862585523e-14
3.002639252091e-14
3.151252108155e-14
3.303629146881e-14
3.459688204401e-14
3.619336679741e-14
3.782471254752e-14
3.948977614035e-14
4.118742842866e-14
4.291696164135e-14
4.467775990580e-14
4.646918020516e-14
4.829055282018e-14
5.014118177089e-14
5.202034525839e-14
5.392729610655e-14
5.586110025689e-14
5.782011727543e-14
5.980242547617e-14
6.180597263146e-14
6.382857309282e-14
6.586790491189e-14
6.792150696132e-14
6.998677605562e-14
7.206122576782e-14
7.414331848432e-14
7.623176664970e-14
7.832528483199e-14
8.042259124176e-14
8.252240925129e-14
8.462346891367e-14
8.672450848199e-14
8.882427592845e-14
9.092141248181e-14
9.301407990361e-14
9.510027970215e-14
9.717796602032e-14
9.924504553523e-14
1.012993773578e-13
1.033387729324e-13
1.053609959366e-13
1.073637621804e-13
1.093447395065e-13
1.113015476892e-13
1.132318722456e-13
1.151338235917e-13
1.170056264418e-13
1.188455113673e-13
1.206517159481e-13
1.224224859241e-13
1.241560763465e-13
1.258507527294e-13
1.275047922007e-13
1.291164846541e-13
1.306841339001e-13
1.322060588175e-13
1.336806241378e-13
1.351063345833e-13
1.364817543895e-13
1.378054800948e-13
1.390761419535e-13
1.402924053494e-13
1.414529722090e-13
1.425565824153e-13
1.436020152207e-13
1.445880906606e-13
1.455136709670e-13
1.463776619816e-13
1.471790145694e-13
1.479167716472e-13
1.485902121007e-13
1.491987253998e-13
1.497417691213e-13
1.502188706888e-13
1.506296291123e-13
1.509737167283e-13
1.512508809394e-13
1.514609459539e-13
1.516038145262e-13
1.516794696961e-13
1.516879765287e-13
1.516294838544e-13
1.515042260084e-13
1.513125245709e-13
1.510548007080e-13
1.507316098934e-13
1.503436139336e-13
1.498915724578e-13
1.493763447190e-13
1.487988913952e-13
1.481602763892e-13
1.474616686302e-13
1.467043438738e-13
1.458896865035e-13
1.450191913307e-13
1.440944653960e-13
1.431172297695e-13
1.420893213519e-13
1.410126946749e-13
1.398894237023e-13
1.387217036302e-13
1.375118024354e-13
1.362619069223e-13
1.349742664393e-13
1.336512434645e-13
1.322953151748e-13
1.309090750162e-13
1.294952342726e-13
1.280566236356e-13
1.265961947741e-13
1.251170219038e-13
1.236223033565e-13
1.221153631499e-13
1.205996525571e-13
1.190787516759e-13
1.175563709986e-13
1.160363529813e-13
1.145226736137e-13
1.130194439881e-13
1.115309118697e-13
1.100613120015e-13
1.086144004369e-13
1.071938861199e-13
1.058035798284e-13
1.044473951858e-13
1.031293496741e-13
1.018535656458e-13
1.006242713367e-13
9.944580187794e-14
9.832260030839e-14
9.725921858730e-14
9.626031860647e-14
9.533067320272e-14
9.447516717021e-14
9.369879827290e-14
9.300667825688e-14
9.240403386277e-14
9.189620783810e-14
9.148865994970e-14
9.118696799610e-14
9.099682881986e-14
9.092378800717e-14
9.097240536469e-14
9.114703171470e-14
9.145207505938e-14
9.189200079127e-14
9.247133190379e-14
9.319464920175e-14
9.406659151189e-14
9.509185589337e-14
9.627519784828e-14
9.762143153216e-14
9.913542996454e-14
1.008221252394e-13
1.026865087357e-13
1.047336313280e-13
1.069686035968e-13
1.093965960391e-13
1.120228392790e-13
1.148526242782e-13
1.178913025464e-13
1.211442863519e-13
1.246170489321e-13
1.283151247041e-13
1.322437350882e-13
1.364066388162e-13
1.408072081028e-13
1.454487957107e-13
1.503347342697e-13
1.554683355957e-13
1.608528900101e-13
1.664916656585e-13
1.723879078302e-13
1.785448382771e-13
1.849656545330e-13
1.916535292324e-13
1.986116094300e-13
2.058430159195e-13
2.133508425529e-13
2.211381555596e-13
2.292079928654e-13
2.375633634116e-13
2.462072464746e-13
2.551425909841e-13
2.643723148432e-13
2.738993042468e-13
2.837264130011e-13
2.938564618425e-13
3.042922377568e-13
3.150364932984e-13
3.260915788653e-13
3.374583173946e-13
3.491370633895e-13
3.611280627434e-13
3.734314513562e-13
3.860472537525e-13
3.989753816980e-13
4.122156328171e-13
4.257676892102e-13
4.396311160706e-13
4.538053603018e-13
4.682897491347e-13
4.830834887450e-13
4.981856628700e-13
5.135952314261e-13
5.293110291261e-13
5.453317640959e-13
5.616560164923e-13
5.782822371198e-13
5.952087460478e-13
6.124337312282e-13
6.299552471122e-13
6.477712132674e-13
6.658794129955e-13
6.842774919491e-13
7.029629567490e-13
7.219331736015e-13
7.411853669155e-13
7.607166179195e-13
7.805237531074e-13
8.006030060211e-13
8.209503352513e-13
8.415615314859e-13
8.624322159582e-13
8.835578388948e-13
9.049336779635e-13
9.265548367213e-13
9.484162430625e-13
9.705126476664e-13
9.928386224458e-13
1.015388558994e-12
1.038156667034e-12
1.061136972865e-12
1.084323317812e-12
1.107709356672e-12
1.131288556164e-12
1.155054193375e-12
1.178999354210e-12
1.203116931837e-12
1.227399625139e-12
1.251839937157e-12
1.276430173542e-12
1.301162441003e-12
1.326028645752e-12
1.351020491954e-12
1.376129480175e-12
1.401346905828e-12
1.426663857624e-12
1.452071216018e-12
1.477559651658e-12
1.503119623831e-12
1.528741378913e-12
1.554415440519e-12
1.580134108275e-12
1.605890025554e-12
1.631675693104e-12
1.657483468096e-12
1.683305563179e-12
1.709134045532e-12
1.734960835913e-12
1.760777707714e-12
1.786576286015e-12
1.812348046632e-12
1.838084315170e-12
1.863776266077e-12
1.889414921698e-12
1.914991151320e-12
1.940495670231e-12
1.965919038771e-12
1.991251661380e-12
2.016483785656e-12
2.041605501402e-12
2.066606739683e-12
2.091477271873e-12
2.116206708712e-12
2.140784499356e-12
2.165199930427e-12
2.189442125069e-12
2.213500041999e-12
2.237362474558e-12
2.261018049764e-12
2.284455227364e-12
2.307662298885e-12
2.330627386690e-12
2.353338443026e-12
2.375783249077e-12
2.397949414018e-12
2.419824374067e-12
2.441395391534e-12
2.462650711167e-12
2.483583084130e-12
2.504186388544e-12
2.524454485595e-12
2.544381219720e-12
2.563960418799e-12
2.583185894341e-12
2.602051441676e-12
2.620550840143e-12
2.638677853279e-12
2.656426229007e-12
2.673789699828e-12
2.690761983006e-12
2.707336780763e-12
2.723507780460e-12
2.739268654795e-12
2.754613061983e-12
2.769534645954e-12
2.784027036535e-12
2.798083849644e-12
2.811698687474e-12
2.824865138690e-12
2.837576778607e-12
2.849827169391e-12
2.861609860240e-12
2.872918387573e-12
2.883746275226e-12
2.894087034635e-12
2.903934165024e-12
2.913281153601e-12
2.922121475741e-12
2.930448595177e-12
2.938255964189e-12
2.945537023793e-12
2.952285203931e-12
2.958493923660e-12
2.964156591338e-12
2.969266604818e-12
2.973817351633e-12
2.977803390866e-12
2.981224047102e-12
2.984079951278e-12
2.986371872275e-12
2.988100718039e-12
2.989267536715e-12
2.989873517777e-12
2.989919993148e-12
2.989408438340e-12
2.988340473573e-12
2.986717864909e-12
2.984542525379e-12
2.981816516111e-12
2.978542047459e-12
2.974721480135e-12
2.970357326330e-12
2.965452250850e-12
2.960009072240e-12
2.954030763916e-12
2.947520455290e-12
2.940481432901e-12
2.932917141544e-12
2.924831185396e-12
2.916227329148e-12
2.907109499131e-12
2.897481784444e-12
2.887348438086e-12
2.876713878083e-12
2.865582688613e-12
2.853959621141e-12
2.841849595543e-12
2.829257701237e-12
2.816189198309e-12
2.802649518643e-12
2.788644267053e-12
2.774179222405e-12
2.759260338750e-12
2.743893746451e-12
2.728085753314e-12
2.711843070106e-12
2.695173493280e-12
2.678085247696e-12
2.660586765602e-12
2.642686687908e-12
2.624393865462e-12
2.605717360327e-12
2.586666447055e-12
2.567250613965e-12
2.547479564418e-12
2.527363218093e-12
2.506911712262e-12
2.486135403068e-12
2.465044866799e-12
2.443650901166e-12
2.421964526575e-12
2.399996987410e-12
2.377759753299e-12
2.355264520400e-12
2.332523212670e-12
2.309547983145e-12
2.286351215212e-12
2.262945523890e-12
2.239343757100e-12
2.215558996947e-12
2.191604560991e-12
2.167494003526e-12
2.143241116855e-12
2.118859932566e-12
2.094364722805e-12
2.069770001559e-12
2.045090525924e-12
2.020341297387e-12
1.995537563098e-12
1.970694817149e-12
1.945828801846e-12
1.920955508990e-12
1.896091181148e-12
1.871252312932e-12
1.846454582828e-12
1.821709609414e-12
1.797028096449e-12
1.772420893856e-12
1.747898998413e-12
1.723473554430e-12
1.699155854444e-12
1.674957339900e-12
1.650889601841e-12
1.626964381589e-12
1.603193571437e-12
1.579589215331e-12
1.556163509559e-12
1.532928803434e-12
1.509897599986e-12
1.487082556640e-12
1.464496485910e-12
1.442152356080e-12
1.420063291894e-12
1.398242575238e-12
1.376703645832e-12
1.355460101908e-12
1.334525700906e-12
1.313914360153e-12
1.293640157552e-12
1.273717332266e-12
1.254160285408e-12
1.234983580725e-12
1.216201945285e-12
1.197830270160e-12
1.179883611117e-12
1.162377189303e-12
1.145326391929e-12
1.128746772956e-12
1.112654053786e-12
1.097064123943e-12
1.081993041762e-12
1.067457035074e-12
1.053472501894e-12
1.040054088767e-12
1.027208863545e-12
1.014941976089e-12
1.003258565204e-12
9.921637584275e-13
9.816626718098e-13
9.717604096980e-13
9.624620645201e-13
9.537727165681e-13
9.456974337812e-13
9.382412715301e-13
9.314092723996e-13
9.252064659724e-13
9.196378686129e-13
9.147084832501e-13
9.104232991615e-13
9.067872917564e-13
9.038054223594e-13
9.014826379938e-13
8.998238711654e-13
8.988340396455e-13
8.985180462545e-13
8.988807786459e-13
8.999271090890e-13
9.016618942527e-13
9.040899749893e-13
9.072161761175e-13
9.110453062059e-13
9.155821573569e-13
9.208315049898e-13
9.267981076243e-13
9.334867066641e-13
9.409020261803e-13
9.490487726950e-13
9.579316349646e-13
9.675552837633e-13
9.779243716667e-13
9.890435328351e-13
1.000917382797e-12
1.013548937766e-12
1.026934826536e-12
1.041069950032e-12
1.055949049333e-12
1.071566704817e-12
1.087917335300e-12
1.104995197187e-12
1.122794383607e-12
1.141308823565e-12
1.160532281081e-12
1.180458354336e-12
1.201080474812e-12
1.222391906443e-12
1.244385744751e-12
1.267054915995e-12
1.290392176311e-12
1.314390110860e-12
1.339041132969e-12
1.364337483274e-12
1.390271228867e-12
1.416834262435e-12
1.444018301411e-12
1.471814887109e-12
1.500215383876e-12
1.529210978228e-12
1.558792678002e-12
1.588951311493e-12
1.619677526601e-12
1.650961789974e-12
1.682794386152e-12
1.715165416710e-12
1.748064799405e-12
1.781482267314e-12
1.815407367983e-12
1.849829462569e-12
1.884737724981e-12
1.920121141031e-12
1.955968507569e-12
1.992268431632e-12
2.029009185418e-12
2.066178268959e-12
2.103762834832e-12
2.141749830431e-12
2.180125997066e-12
2.218877869051e-12
2.257991772800e-12
2.297453825920e-12
2.337249936299e-12
2.377365801207e-12
2.417786906382e-12
2.458498525127e-12
2.499485717402e-12
2.540733328916e-12
2.582225990221e-12
2.623948115804e-12
2.665883903181e-12
2.708017331990e-12
2.750332163084e-12
2.792811937621e-12
2.835439976163e-12
2.878199377762e-12
2.921073019059e-12
2.964043553373e-12
3.007093409797e-12
3.050204792286e-12
3.093359678757e-12
3.136539820176e-12
3.179726739653e-12
3.222901731538e-12
3.266045860508e-12
3.309139960665e-12
3.352164634625e-12
3.395100252616e-12
3.437926951566e-12
3.480624634199e-12
3.523172968126e-12
3.565551384940e-12
3.607739079307e-12
3.649716536019e-12
3.691470152268e-12
3.732987721857e-12
3.774256916611e-12
3.815265285942e-12
3.856000256416e-12
3.896449131320e-12
3.936599090225e-12
3.976437188555e-12
4.015950357152e-12
4.055125401843e-12
4.093949003006e-12
4.132407715134e-12
4.170487966403e-12
4.208176058240e-12
4.245458164885e-12
4.282320332960e-12
4.318748481034e-12
4.354728399190e-12
4.390245748590e-12
4.425286061042e-12
4.459834738566e-12
4.493877052961e-12
4.527398145368e-12
4.560383025840e-12
4.592816572905e-12
4.624683533135e-12
4.655968520711e-12
4.686656016987e-12
4.716730370059e-12
4.746175794330e-12
4.774976370076e-12
4.803116043014e-12
4.830578623864e-12
4.857347787919e-12
4.883407074610e-12
4.908739887071e-12
4.933329491708e-12
4.957159017760e-12
4.980213793377e-12
5.002488411258e-12
5.023979817959e-12
5.044684991709e-12
5.064600942609e-12
5.083724712843e-12
5.102053376885e-12
5.119584041704e-12
5.136313846972e-12
5.152239965271e-12
5.167359602300e-12
5.181669997080e-12
5.195168422164e-12
5.207852183841e-12
5.219718622345e-12
5.230765112062e-12
5.240989061734e-12
5.250387914668e-12
5.258959148944e-12
5.266700277619e-12
5.273608848938e-12
5.279682446535e-12
5.284918689646e-12
5.289315233312e-12
5.292869768587e-12
5.295580022745e-12
5.297443759487e-12
5.298458779147e-12
5.298622918900e-12
5.297934052970e-12
5.296390092832e-12
5.293988987425e-12
5.290728723356e-12
5.286607325104e-12
5.281622855233e-12
5.275773414596e-12
5.269057142539e-12
5.261472217113e-12
5.253016855277e-12
5.243691017979e-12
5.233501563956e-12
5.222457203696e-12
5.210566804915e-12
5.197839393179e-12
5.184284152528e-12
5.169910426098e-12
5.154727716750e-12
5.138745687686e-12
5.121974163080e-12
5.104423128699e-12
5.086102732526e-12
5.067023285384e-12
5.047195261561e-12
5.026629299433e-12
5.005336202089e-12
4.983326937952e-12
4.960612641406e-12
4.937204613418e-12
4.913114322162e-12
4.888353403644e-12
4.862933662323e-12
4.836867071738e-12
4.810165775131e-12
4.782842086068e-12
4.754908489069e-12
4.726377640223e-12
4.697262367822e-12
4.667575672974e-12
4.637330730237e-12
4.606540888235e-12
4.575219670287e-12
4.543380775028e-12
4.511038077033e-12
4.478205627443e-12
4.444897654585e-12
4.411128564601e-12
4.376912942064e-12
4.342265550612e-12
4.307201317233e-12
4.271735283549e-12
4.235882654807e-12
4.199658816744e-12
4.163079336208e-12
4.126159961775e-12
4.088916624371e-12
4.051365437892e-12
4.013522699824e-12
3.975404891865e-12
3.937028680542e-12
3.898410917835e-12
3.859568641792e-12
3.820519077155e-12
3.781279635978e-12
3.741867918246e-12
3.702301712494e-12
3.662598996433e-12
3.622777937565e-12
3.582856893803e-12
3.542854414097e-12
3.502789239047e-12
3.462680301526e-12
3.422546727304e-12
3.382407835663e-12
3.342283140018e-12
3.302192348541e-12
3.262155364775e-12
3.222192288263e-12
3.182323415157e-12
3.142569238850e-12
3.102950450586e-12
3.063487940087e-12
3.024202796171e-12
2.985116307372e-12
2.946249962559e-12
2.907625451560e-12
2.869264665779e-12
2.831189698815e-12
2.793421078261e-12
2.755972423464e-12
2.718855688807e-12
2.682082923732e-12
2.645666273007e-12
2.609617976995e-12
2.573950371931e-12
2.538675890182e-12
2.503807060526e-12
2.469356508414e-12
2.435336956247e-12
2.401761223642e-12
2.368642227703e-12
2.335992983292e-12
2.303826603296e-12
2.272156298901e-12
2.240995379859e-12
2.210357254759e-12
2.180255431298e-12
2.150703516547e-12
2.121715217229e-12
2.093304339979e-12
2.065484791623e-12
2.038270579441e-12
2.011675811442e-12
1.985714696631e-12
1.960401545280e-12
1.935750769199e-12
1.911776882005e-12
1.888494499389e-12
1.865918339393e-12
1.844063222674e-12
1.822944072777e-12
1.802575916403e-12
1.782973883679e-12
1.764153208433e-12
1.746129228456e-12
1.728917385777e-12
1.712533226934e-12
1.696989949702e-12
1.682290994706e-12
1.668437322017e-12
1.655429852525e-12
1.643269467773e-12
1.631957009782e-12
1.621493280885e-12
1.611879043550e-12
1.603115020217e-12
1.595201893123e-12
1.588140304131e-12
1.581930854563e-12
1.576574105024e-12
1.572070575239e-12
1.568420743873e-12
1.565625048370e-12
1.563683884776e-12
1.562597607570e-12
1.562366529495e-12
1.562990921385e-12
1.564471011997e-12
1.566806987839e-12
1.569998992999e-12
1.574047128976e-12
1.578951454508e-12
1.584711985402e-12
1.591328694363e-12
1.598801510826e-12
1.607130320780e-12
1.616314966605e-12
1.626355246892e-12
1.637250916282e-12
1.649001685290e-12
1.661607220135e-12
1.675067142570e-12
1.689381029712e-12
1.704548413870e-12
1.720568782377e-12
1.737441577416e-12
1.755164543888e-12
1.773728742473e-12
1.793123451188e-12
1.813337809211e-12
1.834360816435e-12
1.856181333030e-12
1.878788079003e-12
1.902169633752e-12
1.926314435631e-12
1.951210781509e-12
1.976846826325e-12
2.003210582649e-12
2.030289920243e-12
2.058072565619e-12
2.086546101598e-12
2.115697966869e-12
2.145515455551e-12
2.175985716746e-12
2.207095754104e-12
2.238832425382e-12
2.271182441998e-12
2.304132368598e-12
2.337668622607e-12
2.371777473794e-12
2.406445043830e-12
2.441657305846e-12
2.477400083992e-12
2.513659052998e-12
2.550419737734e-12
2.587667512764e-12
2.625387601910e-12
2.663565077813e-12
2.702184861484e-12
2.741231721873e-12
2.780690275420e-12
2.820544985622e-12
2.860780162583e-12
2.901379962582e-12
2.942328387628e-12
2.983609413945e-12
3.025207380615e-12
3.067106606403e-12
3.109291260981e-12
3.151745364509e-12
3.194452787213e-12
3.237397248964e-12
3.280562318856e-12
3.323931414782e-12
3.367487803019e-12
3.411214597799e-12
3.455094760892e-12
3.499111101184e-12
3.543246274256e-12
3.587482781959e-12
3.631802971996e-12
3.676189037502e-12
3.720623016616e-12
3.765086792066e-12
3.809562090745e-12
3.854030483289e-12
3.898473383656e-12
3.942872048706e-12
3.987207577777e-12
4.031460912264e-12
4.075612835200e-12
4.119643970831e-12
4.163534784196e-12
4.207265580709e-12
4.250816505729e-12
4.294167544149e-12
4.337298519965e-12
4.380189095862e-12
4.422818772786e-12
4.465166889530e-12
4.507212622304e-12
4.548934984320e-12
4.590312825369e-12
4.631324831398e-12
4.671951319961e-12
4.712179658184e-12
4.751998928669e-12
4.791398141129e-12
4.830366232212e-12
4.868892065326e-12
4.906964430465e-12
4.944572044032e-12
4.981703548668e-12
5.018347513074e-12
5.054492431839e-12
5.090126725262e-12
5.125238739182e-12
5.159816744797e-12
5.193848938496e-12
5.227323441680e-12
5.260228300587e-12
5.292551486120e-12
5.324280893670e-12
5.355404342945e-12
5.385909577789e-12
5.415784266011e-12
5.445015999214e-12
5.473592292611e-12
5.501500584860e-12
5.528728237882e-12
5.555262536691e-12
5.581090689217e-12
5.606199826132e-12
5.630577000674e-12
5.654209188475e-12
5.677083287383e-12
5.699186117291e-12
5.720504419958e-12
5.741024858837e-12
5.760734018902e-12
5.779618406469e-12
5.797664449023e-12
5.814858495044e-12
5.831189156267e-12
5.846654373316e-12
5.861254455783e-12
5.874989749525e-12
5.887860636790e-12
5.899867536336e-12
5.911010903556e-12
5.921291230600e-12
5.930709046491e-12
5.939264917254e-12
5.946959446036e-12
5.953793273224e-12
5.959767076572e-12
5.964881571321e-12
5.969137510320e-12
5.972535684146e-12
5.975076921234e-12
5.976762087988e-12
5.977592088910e-12
5.977567866722e-12
5.976690402484e-12
5.974960715718e-12
5.972379864529e-12
5.968948945730e-12
5.964669094960e-12
5.959541486808e-12
5.953567334932e-12
5.946747892187e-12
5.939084450741e-12
5.930578342199e-12
5.921230937725e-12
5.911043648165e-12
5.900017924164e-12
5.888155256297e-12
5.875457175181e-12
5.861925251603e-12
5.847561096641e-12
5.832366361784e-12
5.816342739054e-12
5.799493460543e-12
5.781827820471e-12
5.763356718643e-12
5.744091167245e-12
5.724042291151e-12
5.703221328212e-12
5.681639629558e-12
5.659308659895e-12
5.636239997799e-12
5.612445336020e-12
5.587936481772e-12
5.562725357037e-12
5.536823998855e-12
5.510244559629e-12
5.482999307420e-12
5.455100626239e-12
5.426561016353e-12
5.397393094577e-12
5.367609594573e-12
5.337223367145e-12
5.306247380541e-12
5.274694720747e-12
5.242578591786e-12
5.209912316013e-12
5.176709334417e-12
5.142983206911e-12
5.108747612638e-12
5.074016350264e-12
5.038803338273e-12
5.003122615270e-12
4.966988340274e-12
4.930414793017e-12
4.893416374241e-12
4.856007605999e-12
4.818203131944e-12
4.780017717635e-12
4.741466250831e-12
4.702563741786e-12
4.663325323552e-12
4.623766088490e-12
4.583900594738e-12
4.543743353477e-12
4.503308992365e-12
4.462612255822e-12
4.421668005305e-12
4.380491219591e-12
4.339096995053e-12
4.297500545942e-12
4.255717204669e-12
4.213762422078e-12
4.171651767734e-12
4.129400930193e-12
4.087025717292e-12
4.044542056419e-12
4.001965994800e-12
3.959313699776e-12
3.916601459079e-12
3.873845681119e-12
3.831062895258e-12
3.788269752089e-12
3.745483023721e-12
3.702719604055e-12
3.659996509062e-12
3.617330877068e-12
3.574739969027e-12
3.532241168807e-12
3.489851983464e-12
3.447590043527e-12
3.405473103272e-12
3.363519041006e-12
3.321745859347e-12
3.280171685497e-12
3.238814771531e-12
3.197693494670e-12
3.156826357563e-12
3.116231988567e-12
3.075929142024e-12
3.035936698544e-12
2.996272039014e-12
2.956946142201e-12
2.917968421988e-12
2.879348347794e-12
2.841095444698e-12
2.803219293547e-12
2.765729531076e-12
2.728635850020e-12
2.691947999233e-12
2.655675783803e-12
2.619829065163e-12
2.584417761214e-12
2.549451846433e-12
2.514941351994e-12
2.480896365881e-12
2.447327033006e-12
2.414243555319e-12
2.381656191930e-12
2.349575259221e-12
2.318011130961e-12
2.286974238425e-12
2.256475070505e-12
2.226524173829e-12
2.197132152875e-12
2.168309670087e-12
2.140067445990e-12
2.112416259307e-12
2.085366947070e-12
2.058930404744e-12
2.033117586333e-12
2.007939504503e-12
1.983407230693e-12
1.959531895231e-12
1.936324687453e-12
1.913796855814e-12
1.891959708007e-12
1.870824611077e-12
1.850402991535e-12
1.830706335477e-12
1.811744135843e-12
1.793517704889e-12
1.776026281853e-12
1.759269078471e-12
1.743245278899e-12
1.727954039633e-12
1.713394489436e-12
1.699565729254e-12
1.686466832145e-12
1.674096843197e-12
1.662454779453e-12
1.651539629830e-12
1.641350355046e-12
1.631885887540e-12
1.623145131394e-12
1.615126962255e-12
1.607830227261e-12
1.601253744958e-12
1.595396305228e-12
1.590256669207e-12
1.585833569210e-12
1.582125708652e-12
1.579131761971e-12
1.576850374552e-12
1.575280162647e-12
1.574419713297e-12
1.574267584257e-12
1.574822303917e-12
1.576082371226e-12
1.578046255611e-12
1.580712396903e-12
1.584079205256e-12
1.588145061073e-12
1.592908314927e-12
1.598367287482e-12
1.604520269418e-12
1.611365521350e-12
1.618901273755e-12
1.627125726891e-12
1.636035767392e-12
1.645623100627e-12
1.655878069792e-12
1.666790934658e-12
1.678351871379e-12
1.690550972302e-12
1.703378245777e-12
1.716823615969e-12
1.730876922663e-12
1.745527921077e-12
1.760766281672e-12
1.776581589959e-12
1.792963346310e-12
1.809900965768e-12
1.827383777857e-12
1.845401026390e-12
1.863941869279e-12
1.882995378348e-12
1.902550539137e-12
1.922596250717e-12
1.943121325494e-12
1.964114489025e-12
1.985564379823e-12
2.007459549168e-12
2.029788460918e-12
2.052539491315e-12
2.075700928800e-12
2.099260973818e-12
2.123207738629e-12
2.147529247118e-12
2.172213434607e-12
2.197248147659e-12
2.222621143893e-12
2.248320091791e-12
2.274332570508e-12
2.300646069681e-12
2.327247989242e-12
2.354125639222e-12
2.381266239567e-12
2.408657063061e-12
2.436285866392e-12
2.464140463933e-12
2.492208584913e-12
2.520477873243e-12
2.548935887332e-12
2.577570099914e-12
2.606367897868e-12
2.635316582036e-12
2.664403367048e-12
2.693615381143e-12
2.722939665988e-12
2.752363176504e-12
2.781872780681e-12
2.811455259407e-12
2.841097306282e-12
2.870785527445e-12
2.900506441392e-12
2.930246478800e-12
2.959991982346e-12
2.989729206531e-12
3.019444317498e-12
3.049123392856e-12
3.078752421502e-12
3.108317303441e-12
3.137803849606e-12
3.167197781684e-12
3.196484731931e-12
3.225650242999e-12
3.254679767756e-12
3.283558669105e-12
3.312272219808e-12
3.340805602308e-12
3.369143908547e-12
3.397272139789e-12
3.425175206445e-12
3.452837927888e-12
3.480245032281e-12
3.507381156391e-12
3.534232199049e-12
3.560789399238e-12
3.587045305494e-12
3.612992426537e-12
3.638623231202e-12
3.663930148360e-12
3.688905566848e-12
3.713541835393e-12
3.737831262538e-12
3.761766116569e-12
3.785338625439e-12
3.808540976696e-12
3.831365317408e-12
3.853803754090e-12
3.875848352627e-12
3.897491138205e-12
3.918724095231e-12
3.939539167263e-12
3.959928256937e-12
3.979883225889e-12
3.999395894682e-12
4.018458042736e-12
4.037061408246e-12
4.055197688119e-12
4.072858537888e-12
4.090035571647e-12
4.106720361972e-12
4.122904439851e-12
4.138579294606e-12
4.153736373819e-12
4.168367083263e-12
4.182462786822e-12
4.196014806420e-12
4.209014421947e-12
4.221452871184e-12
4.233321349730e-12
4.244611010925e-12
4.255312965783e-12
4.265418282908e-12
4.274919667906e-12
4.283816522654e-12
4.292109943441e-12
4.299801046760e-12
4.306890969361e-12
4.313380868291e-12
4.319271920950e-12
4.324565325130e-12
4.329262299073e-12
4.333364081510e-12
4.336871931714e-12
4.339787129548e-12
4.342110975509e-12
4.343844790781e-12
4.344989917278e-12
4.345547717696e-12
4.345519575558e-12
4.344906895265e-12
4.343711102140e-12
4.341933642480e-12
4.339575983600e-12
4.336639613884e-12
4.333126042832e-12
4.329036801106e-12
4.324373440583e-12
4.319137534396e-12
4.313330676987e-12
4.306954484153e-12
4.300010593096e-12
4.292500662467e-12
4.284426372417e-12
4.275789424645e-12
4.266591542444e-12
4.256834470749e-12
4.246519976188e-12
4.235649847128e-12
4.224225893719e-12
4.212249947950e-12
4.199723863691e-12
4.186650551844e-12
4.173037098215e-12
4.158891680168e-12
4.144222534768e-12
4.129037958900e-12
4.113346309383e-12
4.097156003095e-12
4.080475517087e-12
4.063313388703e-12
4.045678215701e-12
4.027578656368e-12
4.009023429643e-12
3.990021315231e-12
3.970581153724e-12
3.950711846723e-12
3.930422356949e-12
3.909721708370e-12
3.888618986314e-12
3.867123337591e-12
3.845243970608e-12
3.822990155494e-12
3.800371224211e-12
3.777396570679e-12
3.754075650892e-12
3.730417983037e-12
3.706433147612e-12
3.682130787547e-12
3.657520608320e-12
3.632612378078e-12
3.607415927753e-12
3.581941151185e-12
3.556198005235e-12
3.530196509911e-12
3.503946748480e-12
3.477458867588e-12
3.450743077384e-12
3.423809651632e-12
3.396668927832e-12
3.369331307342e-12
3.341807135059e-12
3.314106336827e-12
3.286238778378e-12
3.258214385521e-12
3.230043144254e-12
3.201735100876e-12
3.173300362096e-12
3.144749095146e-12
3.116091527890e-12
3.087337948936e-12
3.058498707747e-12
3.029584214750e-12
3.000604941452e-12
2.971571420545e-12
2.942494246021e-12
2.913384073280e-12
2.884251619244e-12
2.855107662466e-12
2.825963043241e-12
2.796828663718e-12
2.767715488011e-12
2.738634542306e-12
2.709596914979e-12
2.680613756702e-12
2.651696280554e-12
2.622855762134e-12
2.594103539671e-12
2.565451014136e-12
2.536909649349e-12
2.508490972097e-12
2.480206572238e-12
2.452068102814e-12
2.424087280167e-12
2.396275884041e-12
2.368645757700e-12
2.341208808037e-12
2.313977005684e-12
2.286962385123e-12
2.260177044799e-12
2.233632071812e-12
2.207334303512e-12
2.181289532350e-12
2.155503578269e-12
2.129982288754e-12
2.104731538872e-12
2.079757231326e-12
2.055065296490e-12
2.030661692463e-12
2.006552405109e-12
1.982743448105e-12
1.959240862984e-12
1.936050719184e-12
1.913179114089e-12
1.890632173078e-12
1.868416049569e-12
1.846536925062e-12
1.825001009190e-12
1.803814539757e-12
1.782983782791e-12
1.762515032584e-12
1.742414611737e-12
1.722688871211e-12
1.703344190366e-12
1.684386977009e-12
1.665823667442e-12
1.647660726501e-12
1.629904647607e-12
1.612561952811e-12
1.595639192833e-12
1.579142947118e-12
1.563079823870e-12
1.547456460106e-12
1.532279521698e-12
1.517555703416e-12
1.503291728980e-12
1.489494351096e-12
1.476170351512e-12
1.463326541052e-12
1.450968436165e-12
1.439096273739e-12
1.427708955927e-12
1.416805369952e-12
1.406384388076e-12
1.396444867566e-12
1.386985650670e-12
1.378005564577e-12
1.369503421396e-12
1.361478018113e-12
1.353928136572e-12
1.346852543434e-12
1.340249990153e-12
1.334119212941e-12
1.328458932737e-12
1.323267855179e-12
1.318544670568e-12
1.314288053844e-12
1.310496664545e-12
1.307169146787e-12
1.304304129224e-12
1.301900225021e-12
1.299956031823e-12
1.298470131723e-12
1.297441091231e-12
1.296867461242e-12
1.296747777009e-12
1.297080558106e-12
1.297864308400e-12
1.299097516020e-12
1.300778653328e-12
1.302906176882e-12
1.305478527409e-12
1.308494129777e-12
1.311951392955e-12
1.315848709991e-12
1.320184457975e-12
1.324956998011e-12
1.330164675186e-12
1.335805009704e-12
1.341872261618e-12
1.348359841973e-12
1.355261119375e-12
1.362569419920e-12
1.370278027116e-12
1.378380181807e-12
1.386869082099e-12
1.395737883286e-12
1.404979697770e-12
1.414587594993e-12
1.424554601353e-12
1.434873700136e-12
1.445537831435e-12
1.456539892079e-12
1.467872735554e-12
1.479529171933e-12
1.491501967794e-12
1.503783846147e-12
1.516367486363e-12
1.529245524091e-12
1.542410551189e-12
1.555855115646e-12
1.569571721507e-12
1.583552828796e-12
1.597790853444e-12
1.612278167210e-12
1.627007097610e-12
1.641969927836e-12
1.657158896686e-12
1.672566198486e-12
1.688183983013e-12
1.704004355424e-12
1.720019376176e-12
1.736221060956e-12
1.752601380599e-12
1.769152261018e-12
1.785865583127e-12
1.802733182765e-12
1.819746939442e-12
1.836899043668e-12
1.854181732051e-12
1.871587198635e-12
1.889107594829e-12
1.906735029340e-12
1.924461568098e-12
1.942279234188e-12
1.960180007779e-12
1.978155826051e-12
1.996198583128e-12
2.014300130003e-12
2.032452274471e-12
2.050646781056e-12
2.068875370940e-12
2.087129721895e-12
2.105401468210e-12
2.123682200618e-12
2.141963466231e-12
2.160236768465e-12
2.178493566971e-12
2.196725277563e-12
2.214923272147e-12
2.233078878653e-12
2.251183380962e-12
2.269228018833e-12
2.287203987839e-12
2.305102439289e-12
2.322914480162e-12
2.340631173035e-12
2.358243536009e-12
2.375742542645e-12
2.393119121886e-12
2.410364157993e-12
2.427468490468e-12
2.444422913986e-12
2.461218178328e-12
2.477844988303e-12
2.494294003681e-12
2.510556656198e-12
2.526627609089e-12
2.542502320505e-12
2.558176228503e-12
2.573644751020e-12
2.588903285837e-12
2.603947210551e-12
2.618771882547e-12
2.633372638964e-12
2.647744796665e-12
2.661883652212e-12
2.675784481825e-12
2.689442541363e-12
2.702853066287e-12
2.716011271630e-12
2.728912351970e-12
2.741551481395e-12
2.753923813475e-12
2.766024481235e-12
2.777848597119e-12
2.789391252959e-12
2.800647519953e-12
2.811612448626e-12
2.822281068802e-12
2.832648389576e-12
2.842709399282e-12
2.852459065461e-12
2.861892334833e-12
2.871004133267e-12
2.879789365747e-12
2.888242916346e-12
2.896359648193e-12
2.904134403443e-12
2.911562003247e-12
2.918637247722e-12
2.925354915920e-12
2.931709765796e-12
2.937696534182e-12
2.943309936753e-12
2.948545692604e-12
2.953403608306e-12
2.957884522044e-12
2.961989281586e-12
2.965718744304e-12
2.969073777193e-12
2.972055256887e-12
2.974664069675e-12
2.976901111523e-12
2.978767288088e-12
2.980263514739e-12
2.981390716572e-12
2.982149828429e-12
2.982541794916e-12
2.982567570422e-12
2.982228119133e-12
2.981524415053e-12
2.980457442022e-12
2.979028193733e-12
2.977237673746e-12
2.975086895515e-12
2.972576882395e-12
2.969708667667e-12
2.966483294555e-12
2.962901816241e-12
2.958965295885e-12
2.954674806641e-12
2.950031431678e-12
2.945036264193e-12
2.939690407434e-12
2.933994974715e-12
2.927951089432e-12
2.921559885086e-12
2.914822505294e-12
2.907740103815e-12
2.900313844559e-12
2.892544901612e-12
2.884434459250e-12
2.875983711958e-12
2.867194487079e-12
2.858071118831e-12
2.848618591083e-12
2.838841916290e-12
2.828746135544e-12
2.818336318611e-12
2.807617563983e-12
2.796594998922e-12
2.785273779504e-12
2.773659090667e-12
2.761756146256e-12
2.749570189067e-12
2.737106490897e-12
2.724370352584e-12
2.711367104057e-12
2.698102104379e-12
2.684580741797e-12
2.670808433781e-12
2.656790627076e-12
2.642532797743e-12
2.628040451208e-12
2.613319122306e-12
2.598374375327e-12
2.583211804062e-12
2.567837031850e-12
2.552255711619e-12
2.536473525937e-12
2.520496187056e-12
2.504329436955e-12
2.487979047391e-12
2.471450819939e-12
2.454750586043e-12
2.437884207056e-12
2.420857574292e-12
2.403676609065e-12
2.386347262740e-12
2.368875516779e-12
2.351267382780e-12
2.333528902530e-12
2.315666112071e-12
2.297684933473e-12
2.279591282204e-12
2.261391103071e-12
2.243090370260e-12
2.224695087379e-12
2.206211287509e-12
2.187645033238e-12
2.169002416716e-12
2.150289559689e-12
2.131512613552e-12
2.112677759387e-12
2.093791208009e-12
2.074859200011e-12
2.055888005809e-12
2.036883925683e-12
2.017853289822e-12
1.998802458372e-12
1.979737821476e-12
1.960665799317e-12
1.941592842169e-12
1.922525430433e-12
1.903470074686e-12
1.884433315725e-12
1.865421724608e-12
1.846441902704e-12
1.827500481729e-12
1.808604123797e-12
1.789759521462e-12
1.770973397763e-12
1.752252506263e-12
1.733603631101e-12
1.715033587032e-12
1.696549219470e-12
1.678157404535e-12
1.659865049096e-12
1.641679090814e-12
1.623606498187e-12
1.605654270596e-12
1.587828852543e-12
1.570134370813e-12
1.552574382355e-12
1.535152458735e-12
1.517872186158e-12
1.500737165491e-12
1.483751012280e-12
1.466917356769e-12
1.450239843927e-12
1.433722133460e-12
1.417367899836e-12
1.401180832305e-12
1.385164634916e-12
1.369323026544e-12
1.353659740902e-12
1.338178526566e-12
1.322883146997e-12
1.307777380554e-12
1.292865020523e-12
1.278149875131e-12
1.263635767570e-12
1.249326536013e-12
1.235226033640e-12
1.221338128653e-12
1.207666704298e-12
1.194215658888e-12
1.180988905818e-12
1.167990373590e-12
1.155224005831e-12
1.142693761313e-12
1.130403613974e-12
1.118357552938e-12
1.106559582535e-12
1.095013722323e-12
1.083724007104e-12
1.072694486950e-12
1.061929227219e-12
1.051432308576e-12
1.041207827014e-12
1.031259139192e-12
1.021586591525e-12
1.012189772177e-12
1.003068264017e-12
9.942216446059e-13
9.856494861910e-13
9.773513556940e-13
9.693268147033e-13
9.615754194638e-13
9.540967208688e-13
9.468902644496e-13
9.399555903673e-13
9.332922334030e-13
9.268997229487e-13
9.207775829982e-13
9.149253321379e-13
9.093424835372e-13
9.040285449400e-13
8.989830186549e-13
8.942054015462e-13
8.896951850246e-13
8.854518550382e-13
8.814748920631e-13
8.777637710941e-13
8.743179616358e-13
8.711369276931e-13
8.682201277623e-13
8.655670148214e-13
8.631770363214e-13
8.610496341768e-13
8.591842447564e-13
8.575802988743e-13
8.562372217804e-13
8.551544331513e-13
8.543313470813e-13
8.537673720728e-13
8.534619110275e-13
8.534143612368e-13
8.536241143727e-13
8.540900727652e-13
8.548091939319e-13
8.557779341448e-13
8.569927310377e-13
8.584500035792e-13
8.601461520450e-13
8.620775579910e-13
8.642405842262e-13
8.666315747845e-13
8.692468548988e-13
8.720827309723e-13
8.751354905523e-13
8.784014023025e-13
8.818767159756e-13
8.855576623863e-13
8.894404533837e-13
8.935212818246e-13
8.977963215454e-13
9.022617273355e-13
9.069136349098e-13
9.117481608814e-13
9.167614027342e-13
9.219494387959e-13
9.273083282106e-13
9.328341109114e-13
9.385228075932e-13
9.443704196857e-13
9.503729293255e-13
9.565262993296e-13
9.628264731674e-13
9.692693749339e-13
9.758509093222e-13
9.825669615964e-13
9.894133975641e-13
9.963860635494e-13
1.003480786365e-12
1.010693373286e-12
1.018019612022e-12
1.025455270689e-12
1.032996098088e-12
1.040637824588e-12
1.048376161195e-12
1.056206799222e-12
1.064125410259e-12
1.072127646149e-12
1.080209138959e-12
1.088365500952e-12
1.096592324564e-12
1.104885182369e-12
1.113239627059e-12
1.121651191413e-12
1.130115388273e-12
1.138627710510e-12
1.147183631005e-12
1.155778602617e-12
1.164408058156e-12
1.173067410356e-12
1.181752051850e-12
1.190457355138e-12
1.199178672566e-12
1.207911336292e-12
1.216650658265e-12
1.225391930192e-12
1.234130423516e-12
1.242861389384e-12
1.251580058624e-12
1.260281641715e-12
1.268961328759e-12
1.277614289458e-12
1.286235673081e-12
1.294820608443e-12
1.303364203871e-12
1.311861547181e-12
1.320307705653e-12
1.328697725995e-12
1.337026634327e-12
1.345289436143e-12
1.353481116294e-12
1.361597047543e-12
1.369634219824e-12
1.377590020552e-12
1.385461826891e-12
1.393247005745e-12
1.400942913740e-12
1.408546897214e-12
1.416056292199e-12
1.423468424415e-12
1.430780609250e-12
1.437990151752e-12
1.445094346611e-12
1.452090478149e-12
1.458975820306e-12
1.465747636626e-12
1.472403180245e-12
1.478939693876e-12
1.485354409798e-12
1.491644549841e-12
1.497807325373e-12
1.503839937287e-12
1.509739575988e-12
1.515503421379e-12
1.521128642850e-12
1.526612399262e-12
1.531951838933e-12
1.537144099629e-12
1.542186308547e-12
1.547075582304e-12
1.551809026922e-12
1.556383737815e-12
1.560796799777e-12
1.565045286968e-12
1.569126262901e-12
1.573036780428e-12
1.576773881727e-12
1.580334598289e-12
1.583715950907e-12
1.586914949656e-12
1.589929128755e-12
1.592758155627e-12
1.595402234147e-12
1.597861570893e-12
1.600136375157e-12
1.602226858946e-12
1.604133236986e-12
1.605855726728e-12
1.607394548352e-12
1.608749924769e-12
1.609922081631e-12
1.610911247327e-12
1.611717652995e-12
1.612341532523e-12
1.612783122553e-12
1.613042662486e-12
1.613120394487e-12
1.613016563489e-12
1.612731417197e-12
1.612265206090e-12
1.611618183431e-12
1.610790605268e-12
1.609782730436e-12
1.608594820566e-12
1.607227140086e-12
1.605679956228e-12
1.603953539029e-12
1.602048161339e-12
1.599964098823e-12
1.597701629965e-12
1.595261036075e-12
1.592642601289e-12
1.589846612581e-12
1.586873359756e-12
1.583723135466e-12
1.580396235206e-12
1.576892957322e-12
1.573213603016e-12
1.569358476348e-12
1.565328239230e-12
1.561124979313e-12
1.556751150130e-12
1.552209216855e-12
1.547501656316e-12
1.542630957014e-12
1.537599619132e-12
1.532410154558e-12
1.527065086896e-12
1.521566951482e-12
1.515918295401e-12
1.510121677504e-12
1.504179668418e-12
1.498094850568e-12
1.491869818188e-12
1.485507177338e-12
1.479009545922e-12
1.472379553698e-12
1.465619842301e-12
1.458733065250e-12
1.451721887973e-12
1.444588987813e-12
1.437337054051e-12
1.429968787919e-12
1.422486902614e-12
1.414894123315e-12
1.407193187199e-12
1.399386843457e-12
1.391477853307e-12
1.383468990013e-12
1.375363038896e-12
1.367162797356e-12
1.358871074881e-12
1.350490693067e-12
1.342024485631e-12
1.333475298430e-12
1.324845989471e-12
1.316139428933e-12
1.307358499176e-12
1.298506112264e-12
1.289585262618e-12
1.280598974780e-12
1.271550285961e-12
1.262442246059e-12
1.253277917675e-12
1.244060376127e-12
1.234792709469e-12
1.225478018505e-12
1.216119416805e-12
1.206720030724e-12
1.197282999413e-12
1.187811474841e-12
1.178308621807e-12
1.168777617956e-12
1.159221653800e-12
1.149643932726e-12
1.140047671019e-12
1.130436097877e-12
1.120812455423e-12
1.111179998726e-12
1.101541995813e-12
1.091901727690e-12
1.082262488353e-12
1.072627584806e-12
1.063000337080e-12
1.053384078243e-12
1.043782154423e-12
1.034197924819e-12
1.024634761718e-12
1.015096050514e-12
1.005585189722e-12
9.961055909909e-13
9.866606791268e-13
9.772538921032e-13
9.678886810793e-13
9.585685104160e-13
9.492968576917e-13
9.400772137189e-13
9.309128091583e-13
9.218057921722e-13
9.127580448624e-13
9.037714561403e-13
8.948479217349e-13
8.859893442012e-13
8.771976329279e-13
8.684747041457e-13
8.598224809356e-13
8.512428932368e-13
8.427378778548e-13
8.343093784697e-13
8.259593456439e-13
8.176897368309e-13
8.095025163828e-13
8.013996555586e-13
7.933831325325e-13
7.854549324017e-13
7.776170471947e-13
7.698714758795e-13
7.622202243716e-13
7.546653055420e-13
7.472087392255e-13
7.398525522286e-13
7.325987783381e-13
7.254494583285e-13
7.184066399707e-13
7.114723780399e-13
7.046487343235e-13
6.979377776297e-13
6.913415837952e-13
6.848622356935e-13
6.785018232430e-13
6.722624434149e-13
6.661462002417e-13
6.601552048250e-13
6.542915753438e-13
6.485574370625e-13
6.429549223390e-13
6.374857996721e-13
6.321503579522e-13
6.269485143180e-13
6.218801843965e-13
6.169452823012e-13
6.121437206293e-13
6.074754104599e-13
6.029402613512e-13
5.985381813383e-13
5.942690769312e-13
5.901328531122e-13
5.861294133334e-13
5.822586595147e-13
5.785204920415e-13
5.749148097622e-13
5.714415099858e-13
5.681004884798e-13
5.648916394679e-13
5.618148556274e-13
5.588700280871e-13
5.560570464252e-13
5.533757986662e-13
5.508261712795e-13
5.484080491765e-13
5.461213157086e-13
5.439658526646e-13
5.419415402684e-13
5.400482571771e-13
5.382858804781e-13
5.366542856873e-13
5.351533467462e-13
5.337829360202e-13
5.325429242958e-13
5.314331807786e-13
5.304535730909e-13
5.296039672691e-13
5.288842277618e-13
5.282942174271e-13
5.278337975308e-13
5.275025728414e-13
5.272991249840e-13
5.272217737482e-13
5.272688314968e-13
5.274386031567e-13
5.277293862092e-13
5.281394706814e-13
5.286671391364e-13
5.293106666645e-13
5.300683208737e-13
5.309383618807e-13
5.319190423013e-13
5.330086072418e-13
5.342052942890e-13
5.355073335016e-13
5.369129474008e-13
5.384203509607e-13
5.400277515997e-13
5.417333491709e-13
5.435353359528e-13
5.454318966402e-13
5.474212083353e-13
5.495014405378e-13
5.516707551361e-13
5.539273063981e-13
5.562692409618e-13
5.586946978262e-13
5.612018083419e-13
5.637886962022e-13
5.664534774335e-13
5.691942603862e-13
5.720091457257e-13
5.748962264229e-13
5.778535877449e-13
5.808793072462e-13
5.839714547589e-13
5.871280923842e-13
5.903472744823e-13
5.936270476639e-13
5.969654259198e-13
6.003603158439e-13
6.038095908811e-13
6.073111161318e-13
6.108627483423e-13
6.144623358944e-13
6.181077187960e-13
6.217967286712e-13
6.255271887499e-13
6.292969138587e-13
6.331037104105e-13
6.369453763947e-13
6.408197013673e-13
6.447244664412e-13
6.486574442764e-13
6.526163990697e-13
6.565990865451e-13
6.606032539441e-13
6.646266400153e-13
6.686669750051e-13
6.727219806475e-13
6.767893701542e-13
6.808668482050e-13
6.849521109377e-13
6.890428459381e-13
6.931367322304e-13
6.972314402672e-13
7.013246319197e-13
7.054139604676e-13
7.094970705897e-13
7.135715983533e-13
7.176351712050e-13
7.216854079605e-13
7.257199187947e-13
7.297363052320e-13
7.337321601364e-13
7.377050677014e-13
7.416526034402e-13
7.455723341761e-13
7.494619974859e-13
7.533200413663e-13
7.571450881683e-13
7.609357554676e-13
7.646906560586e-13
7.684083979496e-13
7.720875843571e-13
7.757268137005e-13
7.793246795969e-13
7.828797708557e-13
7.863906714729e-13
7.898559606264e-13
7.932742126699e-13
7.966439971283e-13
7.999638786916e-13
8.032324172102e-13
8.064481676891e-13
8.096096802827e-13
8.127155002895e-13
8.157641681467e-13
8.187542194247e-13
8.216841848222e-13
8.245525901600e-13
8.273579563767e-13
8.300987995225e-13
8.327736307542e-13
8.353809563299e-13
8.379192776034e-13
8.403870910192e-13
8.427828881067e-13
8.451051554752e-13
8.473523748085e-13
8.495230228593e-13
8.516155714442e-13
8.536284874379e-13
8.555602327685e-13
8.574092644113e-13
8.591740343842e-13
8.608529897420e-13
8.624448271662e-13
8.639492585798e-13
8.653662505685e-13
8.666957702442e-13
8.679377852465e-13
8.690922637428e-13
8.701591744297e-13
8.711384865335e-13
8.720301698112e-13
8.728341945512e-13
8.735505315744e-13
8.741791522345e-13
8.747200284196e-13
8.751731325524e-13
8.755384375913e-13
8.758159170311e-13
8.760055449041e-13
8.761072957807e-13
8.761211447703e-13
8.760470675220e-13
8.758850402259e-13
8.756350396132e-13
8.752970429577e-13
8.748710280764e-13
8.743569733302e-13
8.737548576249e-13
8.730646604119e-13
8.722863616893e-13
8.714199420024e-13
8.704653824447e-13
8.694226646588e-13
8.682917708371e-13
8.670726837228e-13
8.657653866104e-13
8.643698633471e-13
8.628860983331e-13
8.613140765226e-13
8.596537834248e-13
8.579052051045e-13
8.560685117562e-13
8.541446097237e-13
8.521345930580e-13
8.500395602739e-13
8.478606143557e-13
8.455988627617e-13
8.432554174297e-13
8.408313947820e-13
8.383279157308e-13
8.357461056830e-13
8.330870945456e-13
8.303520167307e-13
8.275420111607e-13
8.246582212735e-13
8.217017950275e-13
8.186738849070e-13
8.155756479270e-13
8.124082456388e-13
8.091728441346e-13
8.058706140530e-13
8.025027305843e-13
7.990703734751e-13
7.955747270339e-13
7.920169801362e-13
7.883983262294e-13
7.847199633383e-13
7.809830940699e-13
7.771889256188e-13
7.733386697721e-13
7.694335429149e-13
7.654747660350e-13
7.614635647286e-13
7.574011692048e-13
7.532888142912e-13
7.491277394391e-13
7.449191887283e-13
7.406644108724e-13
7.363646592240e-13
7.320211917799e-13
7.276353016056e-13
7.232084083110e-13
7.187419671677e-13
7.142374387479e-13
7.096962889307e-13
7.051199889074e-13
7.005100151877e-13
6.958678496054e-13
6.911949793243e-13
6.864928968441e-13
6.817631000058e-13
6.770070919984e-13
6.722263813638e-13
6.674224820031e-13
6.625969131826e-13
6.577511995393e-13
6.528868710868e-13
6.480054632212e-13
6.431085167271e-13
6.381975777832e-13
6.332741979681e-13
6.283399342664e-13
6.233963490742e-13
6.184450102054e-13
6.134874908969e-13
6.085253698152e-13
6.035602310614e-13
5.985936641778e-13
5.936272641533e-13
5.886626314294e-13
5.837013719057e-13
5.787450969464e-13
5.737954233856e-13
5.688539735331e-13
5.639223751807e-13
5.590022616077e-13
5.540952715867e-13
5.492030493896e-13
5.443272447934e-13
5.394694015617e-13
5.346306221149e-13
5.298119007717e-13
5.250142350863e-13
5.202386258515e-13
5.154860771024e-13
5.107575961196e-13
5.060541934324e-13
5.013768828227e-13
4.967266813279e-13
4.921046092447e-13
4.875116901320e-13
4.829489508149e-13
4.784174213874e-13
4.739181352164e-13
4.694521289447e-13
4.650204424947e-13
4.606241190714e-13
4.562642051661e-13
4.519417505598e-13
4.476578083263e-13
4.434134348358e-13
4.392096897585e-13
4.350476360675e-13
4.309283400426e-13
4.268528712733e-13
4.228223026626e-13
4.188377104303e-13
4.149001741161e-13
4.110107765834e-13
4.071706040222e-13
4.033807459531e-13
3.996422952301e-13
3.959563480443e-13
3.923240039274e-13
3.887463657548e-13
3.852245397491e-13
3.817596354836e-13
3.783527658854e-13
3.750048780629e-13
3.717162446410e-13
3.684869692992e-13
3.653171556632e-13
3.622069073050e-13
3.591563277423e-13
3.561655204384e-13
3.532345888021e-13
3.503636361875e-13
3.475527658937e-13
3.448020811648e-13
3.421116851892e-13
3.394816811002e-13
3.369121719749e-13
3.344032608348e-13
3.319550506449e-13
3.295676443142e-13
3.272411446950e-13
3.249756545825e-13
3.227712767156e-13
3.206281137753e-13
3.185462683858e-13
3.165258431135e-13
3.145669404669e-13
3.126696628968e-13
3.108341127955e-13
3.090603924972e-13
3.073486042775e-13
3.056988503529e-13
3.041112328813e-13
3.025858539611e-13
3.011228156316e-13
2.997222198722e-13
2.983841686028e-13
2.971087636831e-13
2.958961069126e-13
2.947463000306e-13
2.936594447156e-13
2.926356425853e-13
2.916748661420e-13
2.907765707543e-13
2.899400803233e-13
2.891647161210e-13
2.884497967870e-13
2.877946383258e-13
2.871985541044e-13
2.866608548487e-13
2.861808486411e-13
2.857578409176e-13
2.853911344649e-13
2.850800294176e-13
2.848238232551e-13
2.846218107992e-13
2.844732842107e-13
2.843775329871e-13
2.843338439593e-13
2.843415012890e-13
2.843997864658e-13
2.845079783042e-13
2.846653529409e-13
2.848711838319e-13
2.851247417498e-13
2.854252947807e-13
2.857721083213e-13
2.861644450763e-13
2.866015650557e-13
2.870827255711e-13
2.876071812341e-13
2.881741839522e-13
2.887829829269e-13
2.894328246502e-13
2.901229529024e-13
2.908526087483e-13
2.916210305354e-13
2.924274538903e-13
2.932711117162e-13
2.941512341899e-13
2.950670487590e-13
2.960177505300e-13
2.970024132462e-13
2.980200777730e-13
2.990697816556e-13
3.001505591152e-13
3.012614410461e-13
3.024014550115e-13
3.035696252408e-13
3.047649726256e-13
3.059865147166e-13
3.072332657200e-13
3.085042364940e-13
3.097984345457e-13
3.111148640271e-13
3.124525257321e-13
3.138104170929e-13
3.151875321767e-13
3.165828616820e-13
3.179953929353e-13
3.194241098876e-13
3.208679931111e-13
3.223260197956e-13
3.237971637452e-13
3.252803953747e-13
3.267746817061e-13
3.282789863656e-13
3.297922695796e-13
3.313134881716e-13
3.328415955585e-13
3.343755417475e-13
3.359142733325e-13
3.374567334904e-13
3.390018619781e-13
3.405485951287e-13
3.420958658482e-13
3.436426036123e-13
3.451877344623e-13
3.467301810023e-13
3.482688623957e-13
3.498027605645e-13
3.513311192210e-13
3.528532459982e-13
3.543684463503e-13
3.558760235506e-13
3.573752786896e-13
3.588655106722e-13
3.603460162163e-13
3.618160898502e-13
3.632750239103e-13
3.647221085393e-13
3.661566316838e-13
3.675778790923e-13
3.689851343127e-13
3.703776786908e-13
3.717547913672e-13
3.731157492760e-13
3.744598271421e-13
3.757862974792e-13
3.770944305877e-13
3.783834945524e-13
3.796527552405e-13
3.809014762992e-13
3.821289191538e-13
3.833343430053e-13
3.845170048285e-13
3.856761593694e-13
3.868110591436e-13
3.879209544335e-13
3.890050932868e-13
3.900627215138e-13
3.910930826855e-13
3.920954181315e-13
3.930689669373e-13
3.940129659431e-13
3.949266497406e-13
3.958092506714e-13
3.966599988251e-13
3.974781220362e-13
3.982629555752e-13
3.990142719155e-13
3.997319528680e-13
4.004158800619e-13
4.010659349449e-13
4.016819987824e-13
4.022639526581e-13
4.028116774735e-13
4.033250539476e-13
4.038039626173e-13
4.042482838370e-13
4.046578977785e-13
4.050326844307e-13
4.053725235998e-13
4.056772949092e-13
4.059468777990e-13
4.061811515263e-13
4.063799951647e-13
4.065432876046e-13
4.066709075528e-13
4.067627335324e-13
4.068186438829e-13
4.068385167598e-13
4.068222301346e-13
4.067696617948e-13
4.066806893436e-13
4.065551901999e-13
4.063930415982e-13
4.061941205882e-13
4.059583040353e-13
4.056854686197e-13
4.053754908370e-13
4.050282469977e-13
4.046436132270e-13
4.042214654650e-13
4.037616794663e-13
4.032641308002e-13
4.027286948503e-13
4.021552468143e-13
4.015437497307e-13
4.008945191055e-13
4.002079597915e-13
3.994844781005e-13
3.987244818044e-13
3.979283801373e-13
3.970965837962e-13
3.962295049431e-13
3.953275572061e-13
3.943911556811e-13
3.934207169332e-13
3.924166589982e-13
3.913794013840e-13
3.903093650722e-13
3.892069725195e-13
3.880726476593e-13
3.869068159030e-13
3.857099041416e-13
3.844823407471e-13
3.832245555741e-13
3.819369799612e-13
3.806200467324e-13
3.792741901987e-13
3.778998461598e-13
3.764974519049e-13
3.750674462150e-13
3.736102693638e-13
3.721263631193e-13
3.706161707456e-13
3.690801370039e-13
3.675187081543e-13
3.659323319573e-13
3.643214576749e-13
3.626865360728e-13
3.610280194209e-13
3.593463614958e-13
3.576420175814e-13
3.559154444711e-13
3.541671004688e-13
3.523974707835e-13
3.506071438651e-13
3.487967354997e-13
3.469668634576e-13
3.451181474948e-13
3.432512093552e-13
3.413666727727e-13
3.394651634727e-13
3.375473091745e-13
3.356137395927e-13
3.336650864396e-13
3.317019834270e-13
3.297250662680e-13
3.277349726788e-13
3.257323423811e-13
3.237178171036e-13
3.216920405841e-13
3.196556585716e-13
3.176093188276e-13
3.155536711288e-13
3.134893672687e-13
3.114170610593e-13
3.093374083334e-13
3.072510669463e-13
3.051586967778e-13
3.030609597342e-13
3.009585197500e-13
2.988520427900e-13
2.967421968515e-13
2.946296519654e-13
2.925150801992e-13
2.903991556579e-13
2.882825544869e-13
2.861659548730e-13
2.840500370470e-13
2.819354832854e-13
2.798229779121e-13
2.777132073010e-13
2.756068598769e-13
2.735045877458e-13
2.714068913460e-13
2.693142341630e-13
2.672270810455e-13
2.651458982069e-13
2.630711532260e-13
2.610033150488e-13
2.589428539898e-13
2.568902417326e-13
2.548459513321e-13
2.528104572151e-13
2.507842351818e-13
2.487677624070e-13
2.467615174417e-13
2.447659802138e-13
2.427816320297e-13
2.408089555758e-13
2.388484349193e-13
2.369005555097e-13
2.349658041801e-13
2.330446691484e-13
2.311376400188e-13
2.292452077825e-13
2.273678648198e-13
2.255061049005e-13
2.236604231858e-13
2.218313162295e-13
2.200192819787e-13
2.182248197760e-13
2.164484303601e-13
2.146906158670e-13
2.129518798318e-13
2.112327271898e-13
2.095336642773e-13
2.078551988335e-13
2.061978400015e-13
2.045620983294e-13
2.029484857720e-13
2.013575156916e-13
1.997896332805e-13
1.982450064107e-13
1.967237336476e-13
1.952259137256e-13
1.937516455487e-13
1.923010281900e-13
1.908741608923e-13
1.894711430680e-13
1.880920742993e-13
1.867370543381e-13
1.854061831066e-13
1.840995606969e-13
1.828172873713e-13
1.815594635626e-13
1.803261898740e-13
1.791175670792e-13
1.779336961227e-13
1.767746781198e-13
1.756406143567e-13
1.745316062907e-13
1.734477555503e-13
1.723891639352e-13
1.713559334165e-13
1.703481661369e-13
1.693659644106e-13
1.684094307238e-13
1.674786677344e-13
1.665737782723e-13
1.656948653395e-13
1.648420321104e-13
1.640153819314e-13
1.632150183218e-13
1.624410449730e-13
1.616935657495e-13
1.609726846885e-13
1.602785060000e-13
1.596111340671e-13
1.589706734462e-13
1.583572288669e-13
1.577708463395e-13
1.572113361313e-13
1.566784488406e-13
1.561719342016e-13
1.556915410841e-13
1.552370174921e-13
1.548081105635e-13
1.544045665691e-13
1.540261309117e-13
1.536725481251e-13
1.533435618738e-13
1.530389149516e-13
1.527583492811e-13
1.525016059127e-13
1.522684250238e-13
1.520585459182e-13
1.518717070250e-13
1.517076458977e-13
1.515660992137e-13
1.514468027731e-13
1.513494914983e-13
1.512738994326e-13
1.512197597399e-13
1.511868047036e-13
1.511747657259e-13
1.511833733268e-13
1.512123571433e-13
1.512614459287e-13
1.513303675517e-13
1.514188489955e-13
1.515266163573e-13
1.516533948467e-13
1.517989087858e-13
1.519628816078e-13
1.521450358562e-13
1.523450931842e-13
1.525627743536e-13
1.527977992344e-13
1.530498868033e-13
1.533187355279e-13
1.536039644052e-13
1.539051716088e-13
1.542219540759e-13
1.545539075052e-13
1.549006263561e-13
1.552617038480e-13
1.556367319584e-13
1.560253014225e-13
1.564270017313e-13
1.568414211311e-13
1.572681466223e-13
1.577067639576e-13
1.581568576419e-13
1.586180109303e-13
1.590898058272e-13
1.595718230854e-13
1.600636422047e-13
1.605648414310e-13
1.610749977549e-13
1.615936869105e-13
1.621204833749e-13
1.626549603660e-13
1.631966898425e-13
1.637452425019e-13
1.643001877798e-13
1.648610938485e-13
1.654275276162e-13
1.659990547256e-13
1.665752395526e-13
1.671556452058e-13
1.677398335245e-13
1.683273650784e-13
1.689177991657e-13
1.695106938127e-13
1.701056057719e-13
1.707020905216e-13
1.712997022641e-13
1.718979939252e-13
1.724965387543e-13
1.730949952529e-13
1.736930425831e-13
1.742903589955e-13
1.748866218284e-13
1.754815075073e-13
1.760746915437e-13
1.766658485345e-13
1.772546521613e-13
1.778407751891e-13
1.784238894663e-13
1.790036659229e-13
1.795797745706e-13
1.801518845015e-13
1.807196638874e-13
1.812827799788e-13
1.818408991044e-13
1.823936866703e-13
1.829408071589e-13
1.834819241283e-13
1.840167002112e-13
1.845447971147e-13
1.850658756189e-13
1.855795955762e-13
1.860856159108e-13
1.865835946176e-13
1.870731887614e-13
1.875540544763e-13
1.880258469646e-13
1.884882204963e-13
1.889408284079e-13
1.893833231021e-13
1.898153560465e-13
1.902365777730e-13
1.906466378771e-13
1.910451850170e-13
1.914318669127e-13
1.918063303451e-13
1.921682211558e-13
1.925172296992e-13
1.928532274602e-13
1.931761311386e-13
1.934858572590e-13
1.937823221709e-13
1.940654420479e-13
1.943351328886e-13
1.945913105156e-13
1.948338905755e-13
1.950627885393e-13
1.952779197016e-13
1.954791991808e-13
1.956665419190e-13
1.958398626817e-13
1.959990760578e-13
1.961440964593e-13
1.962748381212e-13
1.963912151018e-13
1.964931412818e-13
1.965805303646e-13
1.966532958764e-13
1.967113511655e-13
1.967546094025e-13
1.967829835802e-13
1.967963865134e-13
1.967947308385e-13
1.967779290139e-13
1.967458933194e-13
1.966985358561e-13
1.966357685468e-13
1.965575031350e-13
1.964636511856e-13
1.963541240840e-13
1.962288330366e-13
1.960876890705e-13
1.959306030329e-13
1.957574855918e-13
1.955682472350e-13
1.953627982707e-13
1.951410834421e-13
1.949031859666e-13
1.946492240247e-13
1.943793161936e-13
1.940935814469e-13
1.937921391554e-13
1.934751090874e-13
1.931426114087e-13
1.927947666837e-13
1.924316958749e-13
1.920535203440e-13
1.916603618517e-13
1.912523425585e-13
1.908295850248e-13
1.903922122112e-13
1.899403474792e-13
1.894741145913e-13
1.889936377114e-13
1.884990414051e-13
1.879904506402e-13
1.874679907872e-13
1.869317876192e-13
1.863819673127e-13
1.858186564477e-13
1.852419820082e-13
1.846520713825e-13
1.840490523638e-13
1.834330531500e-13
1.828042023446e-13
1.821626289569e-13
1.815084624023e-13
1.808418325026e-13
1.801628694868e-13
1.794717039906e-13
1.787684670578e-13
1.780532901399e-13
1.773263050966e-13
1.765876441966e-13
1.758374401174e-13
1.750758600013e-13
1.743032078084e-13
1.735198224771e-13
1.727260439161e-13
1.719222130055e-13
1.711086715973e-13
1.702857625167e-13
1.694538295624e-13
1.686132175078e-13
1.677642721018e-13
1.669073400695e-13
1.660427691132e-13
1.651709079132e-13
1.642921061285e-13
1.634067143978e-13
1.625150843403e-13
1.616175685566e-13
1.607145206294e-13
1.598062951244e-13
1.588932475912e-13
1.579757345642e-13
1.570541135630e-13
1.561287430941e-13
1.551999826507e-13
1.542681927144e-13
1.533337347555e-13
1.523969712344e-13
1.514582656015e-13
1.505179822993e-13
1.495764867619e-13
1.486341454171e-13
1.476913256862e-13
1.467483959856e-13
1.458057257272e-13
1.448636853193e-13
1.439226461677e-13
1.429829806761e-13
1.420450622476e-13
1.411092652846e-13
1.401758831804e-13
1.392448818458e-13
1.383161449649e-13
1.373895558944e-13
1.364649976636e-13
1.355423529737e-13
1.346215041975e-13
1.337023333798e-13
1.327847222362e-13
1.318685521534e-13
1.309537041888e-13
1.300400590701e-13
1.291274971953e-13
1.282158986321e-13
1.273051431176e-13
1.263951100585e-13
1.254856785302e-13
1.245767272770e-13
1.236681347115e-13
1.227597789145e-13
1.218515376347e-13
1.209432882884e-13
1.200349079590e-13
1.191262733973e-13
1.182172610204e-13
1.173077469124e-13
1.163976068230e-13
1.154867161682e-13
1.145749500296e-13
1.136621831540e-13
1.127482899534e-13
1.118331445044e-13
1.109166205482e-13
1.099985914904e-13
1.090789304002e-13
1.081575100108e-13
1.072342027185e-13
1.063088805830e-13
1.053814153265e-13
