1.593179279445e-10
1.497019476197e-10
1.402396608121e-10
1.326948742854e-10
1.270232158408e-10
1.228849905614e-10
1.200155628135e-10
1.180817403295e-10
1.169186444602e-10
1.163250128826e-10
1.161523436574e-10
1.163759562558e-10
1.168974534379e-10
1.176115246924e-10
1.185290083517e-10
1.196061484155e-10
1.208140926062e-10
1.221564125613e-10
1.235819977711e-10
1.250953890601e-10
1.266848197234e-10
1.283477600421e-10
1.300641815242e-10
1.318459986317e-10
1.336955872687e-10
1.355979048273e-10
1.375243546197e-10
1.394849148885e-10
1.414907846873e-10
1.435421994013e-10
1.456424521511e-10
1.477862956988e-10
1.499611011295e-10
1.521689283091e-10
1.544103472700e-10
1.566813418112e-10
1.589857625379e-10
1.613257859909e-10
1.636978125934e-10
1.660954116734e-10
1.685207535095e-10
1.709758877888e-10
1.734591687153e-10
1.759673130594e-10
1.785031499020e-10
1.810695800420e-10
1.836671493269e-10
1.862938304917e-10
1.889466342583e-10
1.916274643219e-10
1.943384745293e-10
1.970802495757e-10
1.998516729264e-10
2.026509992939e-10
2.054796866428e-10
2.083392847911e-10
2.112302309645e-10
2.141517646485e-10
2.171018424408e-10
2.200782902480e-10
2.230827547219e-10
2.261174917063e-10
2.291841621778e-10
2.322837863590e-10
2.354166978303e-10
2.385824976420e-10
2.417805874214e-10
2.450119967023e-10
2.482778451266e-10
2.515787656889e-10
2.549148736561e-10
2.582857354883e-10
2.616903377583e-10
2.651270560727e-10
2.685942840014e-10
2.720925209766e-10
2.756226104357e-10
2.791850963265e-10
2.827802055616e-10
2.864078304729e-10
2.900675112654e-10
2.937584184720e-10
2.974797359264e-10
3.012319210624e-10
3.050156223478e-10
3.088312866872e-10
3.126791486077e-10
3.165592194447e-10
3.204712765274e-10
3.244148523648e-10
3.283892238312e-10
3.323936539913e-10
3.364281826678e-10
3.404929353335e-10
3.445878738193e-10
3.487127889676e-10
3.528672932855e-10
3.570508135994e-10
3.612625837076e-10
3.655016370348e-10
3.697667992855e-10
3.740566810972e-10
3.783699610458e-10
3.827062940199e-10
3.870655124301e-10
3.914473427100e-10
3.958514011605e-10
4.002771897942e-10
4.047240921796e-10
4.091913692858e-10
4.136781553264e-10
4.181834536039e-10
4.227061323544e-10
4.272449205914e-10
4.317985742949e-10
4.363664067842e-10
4.409478153250e-10
4.455421139335e-10
4.501485307277e-10
4.547662052769e-10
4.593941859532e-10
4.640314272810e-10
4.686767872881e-10
4.733290248561e-10
4.779867970705e-10
4.826486565716e-10
4.873130489047e-10
4.919784696930e-10
4.966439612779e-10
5.013086658073e-10
5.059716688059e-10
5.106319976692e-10
5.152886201580e-10
5.199404428920e-10
5.245863098438e-10
5.292250008339e-10
5.338552300237e-10
5.384756444102e-10
5.430848223201e-10
5.476812719037e-10
5.522634296290e-10
5.568296587761e-10
5.613783774290e-10
5.659084598532e-10
5.704188720106e-10
5.749085448591e-10
5.793763735914e-10
5.838212168729e-10
5.882418960805e-10
5.926371945407e-10
5.970058567678e-10
6.013465877025e-10
6.056580519502e-10
6.099388730193e-10
6.141876325593e-10
6.184028695995e-10
6.225830797873e-10
6.267267146263e-10
6.308321807148e-10
6.348979465238e-10
6.389228749414e-10
6.429059188174e-10
6.468460158038e-10
6.507420880879e-10
6.545930421257e-10
6.583977683746e-10
6.621551410267e-10
6.658640177419e-10
6.695232393812e-10
6.731316297393e-10
6.766879952784e-10
6.801911248609e-10
6.836397894825e-10
6.870327420055e-10
6.903687168917e-10
6.936464299357e-10
6.968645779981e-10
7.000218387384e-10
7.031169563656e-10
7.061490070710e-10
7.091171542306e-10
7.120205643337e-10
7.148584070324e-10
7.176298551918e-10
7.203340849400e-10
7.229702757175e-10
7.255376103280e-10
7.280352749875e-10
7.304624593748e-10
7.328183566812e-10
7.351021636606e-10
7.373130806791e-10
7.394503117655e-10
7.415130646605e-10
7.435005508675e-10
7.454119857017e-10
7.472465883408e-10
7.490035818742e-10
7.506821933536e-10
7.522817096724e-10
7.538016495491e-10
7.552416039400e-10
7.566011815262e-10
7.578800089292e-10
7.590777309259e-10
7.601940106630e-10
7.612285298723e-10
7.621809890858e-10
7.630511078502e-10
7.638386249423e-10
7.645432985836e-10
7.651649066555e-10
7.657032469140e-10
7.661581372050e-10
7.665294156787e-10
7.668169410052e-10
7.670205925889e-10
7.671402707837e-10
7.671758971081e-10
7.671274144596e-10
7.669947873304e-10
7.667780020217e-10
7.664770844728e-10
7.660921545759e-10
7.656233757700e-10
7.650709379961e-10
7.644350579545e-10
7.637159793611e-10
7.629139732049e-10
7.620293380044e-10
7.610624000646e-10
7.600135137341e-10
7.588830616620e-10
7.576714550542e-10
7.563791339310e-10
7.550065673837e-10
7.535542538314e-10
7.520227212778e-10
7.504125275686e-10
7.487242606477e-10
7.469585388145e-10
7.451160109809e-10
7.431973569276e-10
7.412032875617e-10
7.391345451731e-10
7.369919036914e-10
7.347761689432e-10
7.324881789086e-10
7.301287749239e-10
7.276987129178e-10
7.251987475506e-10
7.226296610074e-10
7.199922631999e-10
7.172873919672e-10
7.145159132775e-10
7.116787214291e-10
7.087767392521e-10
7.058109183094e-10
7.027822390981e-10
6.996917112509e-10
6.965403737374e-10
6.933292950655e-10
6.900595734824e-10
6.867323371763e-10
6.833487444775e-10
6.799099840600e-10
6.764172751423e-10
6.728718676893e-10
6.692750426132e-10
6.656281119750e-10
6.619324191859e-10
6.581893392085e-10
6.544002787582e-10
6.505666765042e-10
6.466900032714e-10
6.427717622414e-10
6.388134891537e-10
6.348166711118e-10
6.307824979306e-10
6.267120982986e-10
6.226066200893e-10
6.184672304371e-10
6.142951158139e-10
6.100914821052e-10
6.058575546863e-10
6.015945784990e-10
5.973038181274e-10
5.929865578746e-10
5.886441018386e-10
5.842777739889e-10
5.798889182428e-10
5.754788985415e-10
5.710490989263e-10
5.666009236154e-10
5.621357970795e-10
5.576551641187e-10
5.531604899386e-10
5.486532602261e-10
5.441349812266e-10
5.396071798196e-10
5.350714035952e-10
5.305292209303e-10
5.259822210652e-10
5.214320141795e-10
5.168802314687e-10
5.123285252203e-10
5.077785688901e-10
5.032320571785e-10
4.986907061070e-10
4.941562530942e-10
4.896303385751e-10
4.851141446313e-10
4.806087397426e-10
4.761151956629e-10
4.716345873516e-10
4.671679929036e-10
4.627164934808e-10
4.582811732422e-10
4.538631192750e-10
4.494634215251e-10
4.450831727282e-10
4.407234683400e-10
4.363854064674e-10
4.320700877988e-10
4.277786155353e-10
4.235120953211e-10
4.192716351743e-10
4.150583454178e-10
4.108733386097e-10
4.067177294742e-10
4.025926348327e-10
3.984991735338e-10
3.944384663845e-10
3.904116360810e-10
3.864198071390e-10
3.824641058251e-10
3.785456600867e-10
3.746655994835e-10
3.708250551177e-10
3.670251595650e-10
3.632670468052e-10
3.595518521531e-10
3.558807121890e-10
3.522547646896e-10
3.486751485588e-10
3.451430037580e-10
3.416594712374e-10
3.382255940312e-10
3.348420161515e-10
3.315092710515e-10
3.282278791667e-10
3.249983477484e-10
3.218211706970e-10
3.186968283963e-10
3.156257875467e-10
3.126085009989e-10
3.096454075874e-10
3.067369319645e-10
3.038834844336e-10
3.010854607831e-10
2.983432421198e-10
2.956571947025e-10
2.930276697760e-10
2.904550034043e-10
2.879395163047e-10
2.854815136809e-10
2.830812850570e-10
2.807391041110e-10
2.784552285086e-10
2.762298997366e-10
2.740633429367e-10
2.719557667390e-10
2.699073630958e-10
2.679183071151e-10
2.659887568943e-10
2.641188533539e-10
2.623087200709e-10
2.605584631126e-10
2.588681708705e-10
2.572379138933e-10
2.556677447211e-10
2.541576977187e-10
2.527077889096e-10
2.513180158091e-10
2.499883572584e-10
2.487187732582e-10
2.475091911657e-10
2.463594640585e-10
2.452694104867e-10
2.442388277926e-10
2.432674919327e-10
2.423551573011e-10
2.415015565520e-10
2.407064004226e-10
2.399693775559e-10
2.392901543233e-10
2.386683746478e-10
2.381036598262e-10
2.375956083525e-10
2.371437957404e-10
2.367477743460e-10
2.364070731908e-10
2.361211977844e-10
2.358896299472e-10
2.357118276335e-10
2.355872247539e-10
2.355152309984e-10
2.354952316590e-10
2.355265874525e-10
2.356086343436e-10
2.357406833672e-10
2.359220204517e-10
2.361519062412e-10
2.364295759190e-10
2.367542390299e-10
2.371250793029e-10
2.375412544745e-10
2.380018961112e-10
2.385061094321e-10
2.390529731320e-10
2.396415392043e-10
2.402708327631e-10
2.409398518670e-10
2.416475673411e-10
2.423929226000e-10
2.431749182349e-10
2.439928693043e-10
2.448461564483e-10
2.457341417942e-10
2.466561688348e-10
2.476115623071e-10
2.485996280704e-10
2.496196529854e-10
2.506709047917e-10
2.517526319871e-10
2.528640637056e-10
2.540044095962e-10
2.551728597008e-10
2.563685843331e-10
2.575907339569e-10
2.588384390648e-10
2.601108100562e-10
2.614069371160e-10
2.627258900930e-10
2.640667183785e-10
2.654284507845e-10
2.668100954225e-10
2.682106395814e-10
2.696290496066e-10
2.710642707780e-10
2.725152271885e-10
2.739808216227e-10
2.754599354350e-10
2.769514284284e-10
2.784541387328e-10
2.799668826832e-10
2.814884546987e-10
2.830176271604e-10
2.845531502903e-10
2.860937520292e-10
2.876381379159e-10
2.891849909650e-10
2.907329715456e-10
2.922807172599e-10
2.938269851144e-10
2.953710831641e-10
2.969124520959e-10
2.984505241103e-10
2.999847228780e-10
3.015144634969e-10
3.030391524492e-10
3.045581875581e-10
3.060709579447e-10
3.075768439849e-10
3.090752172666e-10
3.105654405464e-10
3.120468677063e-10
3.135188437109e-10
3.149807045646e-10
3.164317772676e-10
3.178713797738e-10
3.192988209471e-10
3.207134005185e-10
3.221144090432e-10
3.235011278570e-10
3.248728290338e-10
3.262287753422e-10
3.275682202025e-10
3.288904076433e-10
3.301945722592e-10
3.314799391667e-10
3.327457239619e-10
3.339911326772e-10
3.352153617379e-10
3.364175979195e-10
3.375970183044e-10
3.387527902391e-10
3.398840712907e-10
3.409900092039e-10
3.420697418584e-10
3.431223972250e-10
3.441470933234e-10
3.451429381783e-10
3.461091600605e-10
3.470455024232e-10
3.479518402581e-10
3.488280508591e-10
3.496740138403e-10
3.504896111540e-10
3.512747271091e-10
3.520292483886e-10
3.527530640685e-10
3.534460656350e-10
3.541081470033e-10
3.547392045356e-10
3.553391370588e-10
3.559078458828e-10
3.564452348189e-10
3.569512101975e-10
3.574256808863e-10
3.578685583084e-10
3.582797564606e-10
3.586591919311e-10
3.590067839180e-10
3.593224542471e-10
3.596061273901e-10
3.598577304828e-10
3.600771933430e-10
3.602644484889e-10
3.604194311566e-10
3.605420793190e-10
3.606323337033e-10
3.606901378093e-10
3.607154379274e-10
3.607081831569e-10
3.606683254238e-10
3.605958194994e-10
3.604906230177e-10
3.603526964941e-10
3.601820033431e-10
3.599785098965e-10
3.597421854219e-10
3.594730617703e-10
3.591714140395e-10
3.588375847813e-10
3.584719248505e-10
3.580747934473e-10
3.576465581595e-10
3.571875950045e-10
3.566982884722e-10
3.561790315662e-10
3.556302258470e-10
3.550522814738e-10
3.544456172467e-10
3.538106606488e-10
3.531478478891e-10
3.524576239438e-10
3.517404425992e-10
3.509967664938e-10
3.502270671602e-10
3.494318250679e-10
3.486115296650e-10
3.477666794208e-10
3.468977818677e-10
3.460053536437e-10
3.450899205347e-10
3.441520175163e-10
3.431921887965e-10
3.422109878576e-10
3.412089774987e-10
3.401867298779e-10
3.391448265540e-10
3.380838585297e-10
3.370044262929e-10
3.359071398595e-10
3.347926188155e-10
3.336614923590e-10
3.325143993429e-10
3.313519883165e-10
3.301749175685e-10
3.289838551684e-10
3.277794516076e-10
3.265622568833e-10
3.253328014264e-10
3.240916233484e-10
3.228392684738e-10
3.215762903729e-10
3.203032503943e-10
3.190207176972e-10
3.177292692845e-10
3.164294900349e-10
3.151219727358e-10
3.138073181157e-10
3.124861348766e-10
3.111590397271e-10
3.098266574145e-10
3.084896207575e-10
3.071485706788e-10
3.058041562378e-10
3.044570346629e-10
3.031078713844e-10
3.017573400666e-10
3.004061226411e-10
2.990549093385e-10
2.977043987217e-10
2.963552977182e-10
2.950083216524e-10
2.936641942787e-10
2.923236478138e-10
2.909874229690e-10
2.896562689835e-10
2.883309436562e-10
2.870122133788e-10
2.857008531679e-10
2.843976466982e-10
2.831033863345e-10
2.818188731646e-10
2.805449170317e-10
2.792823365672e-10
2.780319592229e-10
2.767945377981e-10
2.755704978067e-10
2.743601842562e-10
2.731639446248e-10
2.719821288677e-10
2.708150894244e-10
2.696631812247e-10
2.685267616961e-10
2.674061907701e-10
2.663018308890e-10
2.652140470125e-10
2.641432066248e-10
2.630896797410e-10
2.620538389137e-10
2.610360592401e-10
2.600367183684e-10
2.590561965047e-10
2.580948764194e-10
2.571531434544e-10
2.562313855296e-10
2.553299931492e-10
2.544493594093e-10
2.535898800036e-10
2.527519532310e-10
2.519359800017e-10
2.511423638444e-10
2.503715109124e-10
2.496238299909e-10
2.488997325035e-10
2.481996325189e-10
2.475239467575e-10
2.468730945983e-10
2.462474980855e-10
2.456475819353e-10
2.450737735427e-10
2.445265029879e-10
2.440062030431e-10
2.435133091797e-10
2.430482595742e-10
2.426114127964e-10
2.422027988647e-10
2.418223627144e-10
2.414700460037e-10
2.411457870976e-10
2.408495210528e-10
2.405811796011e-10
2.403406911340e-10
2.401279806864e-10
2.399429699215e-10
2.397855771139e-10
2.396557171348e-10
2.395533014351e-10
2.394782380306e-10
2.394304314852e-10
2.394097828957e-10
2.394161898756e-10
2.394495465393e-10
2.395097434862e-10
2.395966677851e-10
2.397102029581e-10
2.398502289645e-10
2.400166221857e-10
2.402092554085e-10
2.404279978096e-10
2.406727149401e-10
2.409432687088e-10
2.412395173672e-10
2.415613154931e-10
2.419085139749e-10
2.422809599956e-10
2.426784970175e-10
2.431009647655e-10
2.435481992117e-10
2.440200325598e-10
2.445162932286e-10
2.450368058367e-10
2.455813911862e-10
2.461498662472e-10
2.467420108368e-10
2.473574669266e-10
2.479958372064e-10
2.486567181753e-10
2.493397001175e-10
2.500443670784e-10
2.507702968408e-10
2.515170609005e-10
2.522842244426e-10
2.530713463176e-10
2.538779790167e-10
2.547036686488e-10
2.555479549157e-10
2.564103710884e-10
2.572904439832e-10
2.581876939375e-10
2.591016347858e-10
2.600317738358e-10
2.609776118444e-10
2.619386429936e-10
2.629143548665e-10
2.639042284235e-10
2.649077379778e-10
2.659243511722e-10
2.669535289542e-10
2.679947255526e-10
2.690473884532e-10
2.701109583752e-10
2.711848692464e-10
2.722685481802e-10
2.733614154508e-10
2.744628844694e-10
2.755723617607e-10
2.766892469379e-10
2.778129326797e-10
2.789428047057e-10
2.800782417525e-10
2.812186155499e-10
2.823632907967e-10
2.835116561300e-10
2.846632177528e-10
2.858175076070e-10
2.869740525300e-10
2.881323742377e-10
2.892919893074e-10
2.904524091601e-10
2.916131400439e-10
2.927736830165e-10
2.939335339280e-10
2.950921834035e-10
2.962491168265e-10
2.974038143211e-10
2.985557507349e-10
2.997043956220e-10
3.008492132259e-10
3.019896624617e-10
3.031251968996e-10
3.042552647473e-10
3.053793088328e-10
3.064967665873e-10
3.076070700280e-10
3.087096457409e-10
3.098039148635e-10
3.108892930677e-10
3.119651905426e-10
3.130310119770e-10
3.140861565427e-10
3.151300178770e-10
3.161619840655e-10
3.171814376249e-10
3.181877554859e-10
3.191803089758e-10
3.201584638015e-10
3.211215800322e-10
3.220690120823e-10
3.230001086939e-10
3.239142129200e-10
3.248106621071e-10
3.256888587615e-10
3.265484846421e-10
3.273892906485e-10
3.282110262979e-10
3.290134397221e-10
3.297962776640e-10
3.305592854748e-10
3.313022071104e-10
3.320247851287e-10
3.327267606862e-10
3.334078735346e-10
3.340678620182e-10
3.347064630701e-10
3.353234122096e-10
3.359184435385e-10
3.364912897384e-10
3.370416820671e-10
3.375693503559e-10
3.380740230060e-10
3.385554269857e-10
3.390132878268e-10
3.394473296218e-10
3.398572750206e-10
3.402428452274e-10
3.406037599973e-10
3.409397376335e-10
3.412504949838e-10
3.415357474375e-10
3.417952089225e-10
3.420285919016e-10
3.422356073700e-10
3.424159648516e-10
3.425693723960e-10
3.426955365753e-10
3.427941624811e-10
3.428649537212e-10
3.429076124163e-10
3.429218391970e-10
3.429073332007e-10
3.428638593806e-10
3.427914517573e-10
3.426902137919e-10
3.425602514107e-10
3.424016730149e-10
3.422145894890e-10
3.419991142098e-10
3.417553630556e-10
3.414834544148e-10
3.411835091950e-10
3.408556508318e-10
3.405000052978e-10
3.401167011116e-10
3.397058693463e-10
3.392676436392e-10
3.388021601997e-10
3.383095578192e-10
3.377899778793e-10
3.372435643612e-10
3.366704638543e-10
3.360708255651e-10
3.354448013266e-10
3.347925456064e-10
3.341142155165e-10
3.334099708215e-10
3.326799739481e-10
3.319243899933e-10
3.311433867342e-10
3.303371346363e-10
3.295058068624e-10
3.286495792819e-10
3.277686304796e-10
3.268631417642e-10
3.259332971778e-10
3.249792835046e-10
3.240012902797e-10
3.229995097980e-10
3.219741371234e-10
3.209253700973e-10
3.198534362044e-10
3.187586736513e-10
3.176414516880e-10
3.165021438900e-10
3.153411281716e-10
3.141587867993e-10
3.129555064049e-10
3.117316779990e-10
3.104876969842e-10
3.092239631688e-10
3.079408807793e-10
3.066388584745e-10
3.053183093584e-10
3.039796509936e-10
3.026233054148e-10
3.012496991417e-10
2.998592631926e-10
2.984524330977e-10
2.970296489123e-10
2.955913552304e-10
2.941380011974e-10
2.926700405242e-10
2.911879314997e-10
2.896921370048e-10
2.881831245253e-10
2.866613661654e-10
2.851273386610e-10
2.835815233927e-10
2.820244063997e-10
2.804564783925e-10
2.788782347667e-10
2.772901756159e-10
2.756928057453e-10
2.740866346849e-10
2.724721767030e-10
2.708499508189e-10
2.692204808172e-10
2.675842952601e-10
2.659419275014e-10
2.642938917434e-10
2.626406107538e-10
2.609824869962e-10
2.593199264888e-10
2.576533388146e-10
2.559831371306e-10
2.543097381780e-10
2.526335622914e-10
2.509550334090e-10
2.492745790823e-10
2.475926304853e-10
2.459096224248e-10
2.442259933500e-10
2.425421853621e-10
2.408586442240e-10
2.391758193700e-10
2.374941639159e-10
2.358141346683e-10
2.341361921344e-10
2.324608005319e-10
2.307884277986e-10
2.291195456022e-10
2.274546293498e-10
2.257941581981e-10
2.241386150625e-10
2.224884866273e-10
2.208442633554e-10
2.192064394978e-10
2.175755131032e-10
2.159519860283e-10
2.143363639471e-10
2.127291563605e-10
2.111308766065e-10
2.095420418694e-10
2.079631731901e-10
2.063947954751e-10
2.048374375069e-10
2.032916319535e-10
2.017579153779e-10
2.002367730157e-10
1.987284721417e-10
1.972332261172e-10
1.957512493885e-10
1.942827574889e-10
1.928279670411e-10
1.913870957592e-10
1.899603624506e-10
1.885479870186e-10
1.871501904639e-10
1.857671948875e-10
1.843992234924e-10
1.830465005855e-10
1.817092515803e-10
1.803877029986e-10
1.790820824730e-10
1.777926187486e-10
1.765195416855e-10
1.752630822607e-10
1.740234725705e-10
1.728009458323e-10
1.715957363870e-10
1.704080797011e-10
1.692382123686e-10
1.680863721134e-10
1.669527977915e-10
1.658377293928e-10
1.647414080435e-10
1.636640760082e-10
1.626059766918e-10
1.615673546421e-10
1.605484555516e-10
1.595495262595e-10
1.585708147543e-10
1.576125701755e-10
1.566750428160e-10
1.557584841242e-10
1.548631467058e-10
1.539892843266e-10
1.531370987003e-10
1.523065789742e-10
1.514976598388e-10
1.507102745182e-10
1.499443547656e-10
1.491998308584e-10
1.484766315944e-10
1.477746842863e-10
1.470939147576e-10
1.464342473378e-10
1.457956048579e-10
1.451779086460e-10
1.445810785220e-10
1.440050327940e-10
1.434496882527e-10
1.429149601675e-10
1.424007622816e-10
1.419070068076e-10
1.414336044225e-10
1.409804642635e-10
1.405474939232e-10
1.401345994452e-10
1.397416853191e-10
1.393686544763e-10
1.390154082853e-10
1.386818465468e-10
1.383678674895e-10
1.380733677655e-10
1.377982424452e-10
1.375423850131e-10
1.373056873635e-10
1.370880397949e-10
1.368893310066e-10
1.367094480932e-10
1.365482765404e-10
1.364057002203e-10
1.362816013869e-10
1.361758606712e-10
1.360883570771e-10
1.360189452510e-10
1.359673869418e-10
1.359334185428e-10
1.359167737196e-10
1.359171834034e-10
1.359343757833e-10
1.359680762994e-10
1.360180076351e-10
1.360838897102e-10
1.361654396736e-10
1.362623718958e-10
1.363743979618e-10
1.365012266642e-10
1.366425639949e-10
1.367981131392e-10
1.369675744674e-10
1.371506455280e-10
1.373470210407e-10
1.375563928887e-10
1.377784501115e-10
1.380128788979e-10
1.382593625784e-10
1.385175816183e-10
1.387872136102e-10
1.390679332666e-10
1.393594124130e-10
1.396613199805e-10
1.399733219984e-10
1.402950815870e-10
1.406262589505e-10
1.409665113695e-10
1.413154931939e-10
1.416728558355e-10
1.420382477611e-10
1.424113144846e-10
1.427916985603e-10
1.431790395754e-10
1.435729741428e-10
1.439731358938e-10
1.443791706396e-10
1.447907821019e-10
1.452076868033e-10
1.456295989512e-10
1.460562304316e-10
1.464872908037e-10
1.469224872946e-10
1.473615247930e-10
1.478041058441e-10
1.482499306438e-10
1.486986970334e-10
1.491501004933e-10
1.496038341381e-10
1.500595887106e-10
1.505170525761e-10
1.509759117172e-10
1.514358497279e-10
1.518965478078e-10
1.523576847569e-10
1.528189369697e-10
1.532799784298e-10
1.537404807040e-10
1.542001129369e-10
1.546585418452e-10
1.551154317122e-10
1.555704443818e-10
1.560232392536e-10
1.564734732766e-10
1.569208009438e-10
1.573648742867e-10
1.578053428697e-10
1.582418537843e-10
1.586740516436e-10
1.591015785765e-10
1.595240742226e-10
1.599411757259e-10
1.603525177297e-10
1.607577323707e-10
1.611564492735e-10
1.615483346558e-10
1.619332092299e-10
1.623109318702e-10
1.626813606446e-10
1.630443528125e-10
1.633997648232e-10
1.637474523144e-10
1.640872701101e-10
1.644190722194e-10
1.647427118348e-10
1.650580413300e-10
1.653649122588e-10
1.656631753533e-10
1.659526805221e-10
1.662332768486e-10
1.665048125895e-10
1.667671351732e-10
1.670200911976e-10
1.672635264293e-10
1.674972858011e-10
1.677212134107e-10
1.679351525193e-10
1.681389455493e-10
1.683324340831e-10
1.685154588614e-10
1.686878597812e-10
1.688494758946e-10
1.690001454067e-10
1.691397056743e-10
1.692679932040e-10
1.693848436504e-10
1.694900918148e-10
1.695835716435e-10
1.696651162255e-10
1.697345577918e-10
1.697917277130e-10
1.698364564978e-10
1.698685737916e-10
1.698879083744e-10
1.698943263469e-10
1.698878462308e-10
1.698685253550e-10
1.698364218051e-10
1.697915944252e-10
1.697341028201e-10
1.696640073570e-10
1.695813691676e-10
1.694862501500e-10
1.693787129704e-10
1.692588210653e-10
1.691266386433e-10
1.689822306869e-10
1.688256629547e-10
1.686570019832e-10
1.684763150886e-10
1.682836703689e-10
1.680791367056e-10
1.678627837659e-10
1.676346820045e-10
1.673949026654e-10
1.671435177841e-10
1.668806001891e-10
1.666062235044e-10
1.663204621509e-10
1.660233913485e-10
1.657150871181e-10
1.653956262836e-10
1.650650864734e-10
1.647235461229e-10
1.643710844760e-10
1.640077815872e-10
1.636337183235e-10
1.632489763661e-10
1.628536382129e-10
1.624477871797e-10
1.620315074027e-10
1.616048838400e-10
1.611680022740e-10
1.607209661208e-10
1.602639470874e-10
1.597971351522e-10
1.593207218183e-10
1.588349001166e-10
1.583398646095e-10
1.578358113941e-10
1.573229381053e-10
1.568014439200e-10
1.562715295596e-10
1.557333972940e-10
1.551872509449e-10
1.546332958890e-10
1.540717390616e-10
1.535027889598e-10
1.529266556460e-10
1.523435507515e-10
1.517536874796e-10
1.511572806092e-10
1.505545464979e-10
1.499457030858e-10
1.493309698987e-10
1.487105680516e-10
1.480847202517e-10
1.474536508025e-10
1.468175856065e-10
1.461767521692e-10
1.455313796019e-10
1.448816986257e-10
1.442279415745e-10
1.435703423984e-10
1.429091366675e-10
1.422445615746e-10
1.415768559394e-10
1.409062602113e-10
1.402330164731e-10
1.395573684443e-10
1.388795614844e-10
1.381998425967e-10
1.375184505043e-10
1.368355857423e-10
1.361514402106e-10
1.354662070701e-10
1.347800807457e-10
1.340932569285e-10
1.334059325786e-10
1.327183059278e-10
1.320305764817e-10
1.313429450227e-10
1.306556136128e-10
1.299687855953e-10
1.292826655984e-10
1.285974595372e-10
1.279133746162e-10
1.272306193325e-10
1.265494034777e-10
1.258699381407e-10
1.251924357105e-10
1.245171098787e-10
1.238441756417e-10
1.231738493039e-10
1.225063484798e-10
1.218418920968e-10
1.211807003978e-10
1.205229949436e-10
1.198689986157e-10
1.192189356188e-10
1.185730314833e-10
1.179315130679e-10
1.172946085625e-10
1.166625474901e-10
1.160355607102e-10
1.154138804207e-10
1.147977401611e-10
1.141873748143e-10
1.135830206099e-10
1.129849151266e-10
1.123932972946e-10
1.118083807144e-10
1.112302732662e-10
1.106590565626e-10
1.100948125472e-10
1.095376234952e-10
1.089875720142e-10
1.084447410443e-10
1.079092138586e-10
1.073810740642e-10
1.068604056023e-10
1.063472927489e-10
1.058418201153e-10
1.053440726485e-10
1.048541356319e-10
1.043720946857e-10
1.038980357675e-10
1.034320451727e-10
1.029742095353e-10
1.025246158280e-10
1.020833513632e-10
1.016505037930e-10
1.012261611101e-10
1.008104116484e-10
1.004033440831e-10
1.000050474316e-10
9.961561105376e-11
9.923512465268e-11
9.886367827501e-11
9.850136231157e-11
9.814826749786e-11
9.780448491456e-11
9.747010598807e-11
9.714522249102e-11
9.682992654282e-11
9.652431061014e-11
9.622846750747e-11
9.594249039761e-11
9.566647279223e-11
9.540050855233e-11
9.514466617863e-11
9.489891136121e-11
9.466318354971e-11
9.443742158221e-11
9.422156368392e-11
9.401554746580e-11
9.381930992327e-11
9.363278743479e-11
9.345591576060e-11
9.328863004129e-11
9.313086479654e-11
9.298255392368e-11
9.284363069645e-11
9.271402776355e-11
9.259367714739e-11
9.248251024267e-11
9.238045781509e-11
9.228744999995e-11
9.220341630087e-11
9.212828558839e-11
9.206198609865e-11
9.200444543204e-11
9.195559055187e-11
9.191534778298e-11
9.188364281046e-11
9.186040067825e-11
9.184554578781e-11
9.183900189680e-11
9.184069211771e-11
9.185053891651e-11
9.186846411132e-11
9.189438887106e-11
9.192823371412e-11
9.196991850697e-11
9.201936246288e-11
9.207648414052e-11
9.214120144263e-11
9.221343161469e-11
9.229309124356e-11
9.238008567377e-11
9.247427713110e-11
9.257551624430e-11
9.268365259346e-11
9.279853470793e-11
9.292001006429e-11
9.304792508423e-11
9.318212513249e-11
9.332245451485e-11
9.346875647598e-11
9.362087319742e-11
9.377864579549e-11
9.394191431925e-11
9.411051774839e-11
9.428429399119e-11
9.446307988245e-11
9.464671118140e-11
9.483502256965e-11
9.502784764913e-11
9.522501893998e-11
9.542636787854e-11
9.563172481523e-11
9.584091901250e-11
9.605377864276e-11
9.627013078634e-11
9.648980142935e-11
9.671261546169e-11
9.693839667494e-11
9.716696776028e-11
9.739815030645e-11
9.763176479767e-11
9.786763061157e-11
9.810556601712e-11
9.834538817256e-11
9.858691312335e-11
9.882995580005e-11
9.907433001633e-11
9.931984846682e-11
9.956632272509e-11
9.981357153520e-11
1.000614457878e-10
1.003098038079e-10
1.005585030840e-10
1.008074002665e-10
1.010563511662e-10
1.013052107527e-10
1.015538331532e-10
1.018020716503e-10
1.020497786813e-10
1.022968058360e-10
1.025430038554e-10
1.027882226302e-10
1.030323111993e-10
1.032751177482e-10
1.035164896073e-10
1.037562732507e-10
1.039943142946e-10
1.042304574953e-10
1.044645467485e-10
1.046964250870e-10
1.049259346795e-10
1.051529168292e-10
1.053772119718e-10
1.055986596745e-10
1.058170986343e-10
1.060323666762e-10
1.062443007520e-10
1.064527369385e-10
1.066575104362e-10
1.068584555678e-10
1.070554057762e-10
1.072481936235e-10
1.074366507894e-10
1.076206080692e-10
1.077998953730e-10
1.079743417233e-10
1.081437752544e-10
1.083080232100e-10
1.084669317054e-10
1.086204252406e-10
1.087684478047e-10
1.089109431688e-10
1.090478548855e-10
1.091791262889e-10
1.093047004940e-10
1.094245203965e-10
1.095385286723e-10
1.096466677777e-10
1.097488799481e-10
1.098451071988e-10
1.099352913239e-10
1.100193738960e-10
1.100972962664e-10
1.101689995643e-10
1.102344246967e-10
1.102935123477e-10
1.103462029788e-10
1.103924368281e-10
1.104321539101e-10
1.104652940153e-10
1.104917967100e-10
1.105116013361e-10
1.105246470103e-10
1.105308726243e-10
1.105302168440e-10
1.105226181096e-10
1.105080146350e-10
1.104863444075e-10
1.104575451878e-10
1.104215545089e-10
1.103783096768e-10
1.103277477693e-10
1.102698056360e-10
1.102044198983e-10
1.101315269484e-10
1.100510629495e-10
1.099629638352e-10
1.098671840823e-10
1.097637532368e-10
1.096527199608e-10
1.095341333125e-10
1.094080427469e-10
1.092744981163e-10
1.091335496716e-10
1.089852480627e-10
1.088296443391e-10
1.086667899511e-10
1.084967367502e-10
1.083195369901e-10
1.081352433272e-10
1.079439088217e-10
1.077455869378e-10
1.075403315451e-10
1.073281969190e-10
1.071092377415e-10
1.068835091020e-10
1.066510664979e-10
1.064119658357e-10
1.061662634314e-10
1.059140160113e-10
1.056552807132e-10
1.053901150866e-10
1.051185770935e-10
1.048407251095e-10
1.045566179246e-10
1.042663147433e-10
1.039698751861e-10
1.036673592898e-10
1.033588275086e-10
1.030443407143e-10
1.027239601979e-10
1.023977476694e-10
1.020657652593e-10
1.017280755191e-10
1.013847414220e-10
1.010358263636e-10
1.006814019497e-10
1.003215714412e-10
9.995644654259e-11
9.958613963678e-11
9.921076378660e-11
9.883043273591e-11
9.844526091079e-11
9.805536342068e-11
9.766085605966e-11
9.726185530750e-11
9.685847833097e-11
9.645084298494e-11
9.603906781359e-11
9.562327205158e-11
9.520357562528e-11
9.478009915387e-11
9.435296395059e-11
9.392229202392e-11
9.348820607871e-11
9.305082951740e-11
9.261028644122e-11
9.216670165134e-11
9.172020065006e-11
9.127090964199e-11
9.081895553526e-11
9.036446594265e-11
8.990756918283e-11
8.944839428151e-11
8.898707097261e-11
8.852372969949e-11
8.805850161609e-11
8.759151858812e-11
8.712291319425e-11
8.665281872730e-11
8.618136919541e-11
8.570869932323e-11
8.523494455308e-11
8.476024104617e-11
8.428472568376e-11
8.380853049474e-11
8.333176587732e-11
8.285453721811e-11
8.237695045200e-11
8.189911206299e-11
8.142112908517e-11
8.094310910352e-11
8.046516025485e-11
7.998739122872e-11
7.950991126827e-11
7.903283017115e-11
7.855625829042e-11
7.808030653540e-11
7.760508637263e-11
7.713070982670e-11
7.665728948117e-11
7.618493847948e-11
7.571377052579e-11
7.524389988594e-11
7.477544138828e-11
7.430851042463e-11
7.384322295109e-11
7.337969548902e-11
7.291804512585e-11
7.245838951605e-11
7.200084688197e-11
7.154553601474e-11
7.109257627519e-11
7.064208759472e-11
7.019419047619e-11
6.974900599483e-11
6.930665579912e-11
6.886726211168e-11
6.843094773017e-11
6.799783602820e-11
6.756805095618e-11
6.714171704226e-11
6.671895939318e-11
6.629990369520e-11
6.588466243144e-11
6.547329339062e-11
6.506584077054e-11
6.466234892648e-11
6.426286237140e-11
6.386742577613e-11
6.347608396963e-11
6.308888193917e-11
6.270586483052e-11
6.232707794824e-11
6.195256675579e-11
6.158237687583e-11
6.121655409038e-11
6.085514434105e-11
6.049819372924e-11
6.014574851637e-11
5.979785512409e-11
5.945456013447e-11
5.911591029023e-11
5.878195249495e-11
5.845273381329e-11
5.812830147117e-11
5.780870285601e-11
5.749398551696e-11
5.718419716507e-11
5.687938567350e-11
5.657959907778e-11
5.628488557599e-11
5.599529352896e-11
5.571087146050e-11
5.543166805763e-11
5.515773217074e-11
5.488911281386e-11
5.462585916482e-11
5.436802056551e-11
5.411564652205e-11
5.386878670502e-11
5.362749094970e-11
5.339180925620e-11
5.316177848190e-11
5.293738228459e-11
5.271859081275e-11
5.250537397976e-11
5.229770146343e-11
5.209554270562e-11
5.189886691181e-11
5.170764305070e-11
5.152183985379e-11
5.134142581497e-11
5.116636919008e-11
5.099663799654e-11
5.083220001292e-11
5.067302277848e-11
5.051907359284e-11
5.037031951549e-11
5.022672736544e-11
5.008826372075e-11
4.995489491813e-11
4.982658705258e-11
4.970330597688e-11
4.958501730128e-11
4.947168639299e-11
4.936327837583e-11
4.925975812981e-11
4.916109029069e-11
4.906723924957e-11
4.897816915249e-11
4.889384390004e-11
4.881422714687e-11
4.873928230136e-11
4.866897252516e-11
4.860326073277e-11
4.854210959117e-11
4.848548151936e-11
4.843333868797e-11
4.838564301883e-11
4.834235618458e-11
4.830343960824e-11
4.826884866899e-11
4.823851526371e-11
4.821236508866e-11
4.819032341849e-11
4.817231510554e-11
4.815826457919e-11
4.814809584516e-11
4.814173248486e-11
4.813909765470e-11
4.814011408544e-11
4.814470408147e-11
4.815278952019e-11
4.816429185131e-11
4.817913209617e-11
4.819723084708e-11
4.821850826665e-11
4.824288408710e-11
4.827027760960e-11
4.830060770358e-11
4.833379280609e-11
4.836975092109e-11
4.840839961878e-11
4.844965603498e-11
4.849343687037e-11
4.853965838988e-11
4.858823642199e-11
4.863908635808e-11
4.869212315172e-11
4.874726131804e-11
4.880441493301e-11
4.886349763280e-11
4.892442261310e-11
4.898710262843e-11
4.905144999151e-11
4.911737657251e-11
4.918479379847e-11
4.925361265254e-11
4.932374367337e-11
4.939509695441e-11
4.946758552614e-11
4.954113553654e-11
4.961567615820e-11
4.969113621298e-11
4.976744417146e-11
4.984452815240e-11
4.992231592226e-11
5.000073489462e-11
5.007971212966e-11
5.015917433365e-11
5.023904785843e-11
5.031925870083e-11
5.039973250220e-11
5.048039454783e-11
5.056116976648e-11
5.064198272978e-11
5.072275765177e-11
5.080341838832e-11
5.088388843664e-11
5.096409093470e-11
5.104394866076e-11
5.112338403280e-11
5.120231910802e-11
5.128067558229e-11
5.135837478962e-11
5.143533770163e-11
5.151148492706e-11
5.158673671119e-11
5.166101293533e-11
5.173423311630e-11
5.180631640589e-11
5.187718159033e-11
5.194674708979e-11
5.201493095780e-11
5.208165088077e-11
5.214682417741e-11
5.221036779826e-11
5.227219832512e-11
5.233223197053e-11
5.239039370310e-11
5.244664470967e-11
5.250095516654e-11
5.255329513470e-11
5.260363455972e-11
5.265194327156e-11
5.269819098442e-11
5.274234729662e-11
5.278438169037e-11
5.282426353169e-11
5.286196207022e-11
5.289744643904e-11
5.293068565456e-11
5.296164861633e-11
5.299030410691e-11
5.301662079168e-11
5.304056721871e-11
5.306211181860e-11
5.308122290433e-11
5.309786867106e-11
5.311201719604e-11
5.312363643842e-11
5.313269423907e-11
5.313915832046e-11
5.314299628651e-11
5.314417562239e-11
5.314266369439e-11
5.313842774980e-11
5.313143491666e-11
5.312165220371e-11
5.310904650015e-11
5.309358457553e-11
5.307523307960e-11
5.305395854209e-11
5.302972737264e-11
5.300250586059e-11
5.297226017483e-11
5.293895636364e-11
5.290256035457e-11
5.286304688568e-11
5.282042638120e-11
5.277471829991e-11
5.272594222427e-11
5.267411786057e-11
5.261926503917e-11
5.256140371466e-11
5.250055396605e-11
5.243673599699e-11
5.236997013594e-11
5.230027683638e-11
5.222767667697e-11
5.215219036177e-11
5.207383872044e-11
5.199264270840e-11
5.190862340706e-11
5.182180202396e-11
5.173219989301e-11
5.163983847469e-11
5.154473935618e-11
5.144692425162e-11
5.134641500225e-11
5.124323357665e-11
5.113740207088e-11
5.102894270872e-11
5.091787784184e-11
5.080422994998e-11
5.068802164118e-11
5.056927565192e-11
5.044801484737e-11
5.032426222153e-11
5.019804089746e-11
5.006937412745e-11
4.993828529323e-11
4.980479790613e-11
4.966893560732e-11
4.953072216796e-11
4.939018148941e-11
4.924733760343e-11
4.910221866859e-11
4.895486899487e-11
4.880533711764e-11
4.865367181068e-11
4.849992208653e-11
4.834413719680e-11
4.818636663256e-11
4.802666012466e-11
4.786506764405e-11
4.770163940214e-11
4.753642585115e-11
4.736947768445e-11
4.720084583687e-11
4.703058148510e-11
4.685873604796e-11
4.668536118681e-11
4.651050880583e-11
4.633423105243e-11
4.615658031751e-11
4.597760923588e-11
4.579737068655e-11
4.561591779308e-11
4.543330392394e-11
4.524958269284e-11
4.506480795907e-11
4.487903382785e-11
4.469231465066e-11
4.450470502557e-11
4.431625979762e-11
4.412703405913e-11
4.393708315006e-11
4.374646265832e-11
4.355522842017e-11
4.336343652048e-11
4.317114329316e-11
4.297840532143e-11
4.278527943820e-11
4.259182272639e-11
4.239809251931e-11
4.220414425478e-11
4.201002501832e-11
4.181577994904e-11
4.162145438145e-11
4.142709384563e-11
4.123274406761e-11
4.103845096951e-11
4.084426066993e-11
4.065021948409e-11
4.045637392422e-11
4.026277069971e-11
4.006945671746e-11
3.987647908209e-11
3.968388509624e-11
3.949172226082e-11
3.930003827527e-11
3.910888103783e-11
3.891829864580e-11
3.872833939583e-11
3.853905178415e-11
3.835048450684e-11
3.816268646012e-11
3.797570674060e-11
3.778959464552e-11
3.760439967306e-11
3.742017152258e-11
3.723696009488e-11
3.705481549247e-11
3.687378801985e-11
3.669392818374e-11
3.651528669340e-11
3.633791446082e-11
3.616186260105e-11
3.598718243244e-11
3.581392547690e-11
3.564214346017e-11
3.547188831208e-11
3.530321216683e-11
3.513616736322e-11
3.497080049539e-11
3.480713451333e-11
3.464518648280e-11
3.448497352224e-11
3.432651280284e-11
3.416982154855e-11
3.401491703624e-11
3.386181659565e-11
3.371053760954e-11
3.356109751370e-11
3.341351379702e-11
3.326780400156e-11
3.312398572261e-11
3.298207660874e-11
3.284209436187e-11
3.270405673733e-11
3.256798154392e-11
3.243388664395e-11
3.230178995335e-11
3.217170944167e-11
3.204366313221e-11
3.191766910199e-11
3.179374548190e-11
3.167191045673e-11
3.155218226518e-11
3.143457920001e-11
3.131911960802e-11
3.120582189018e-11
3.109470450162e-11
3.098578595176e-11
3.087908480430e-11
3.077461967736e-11
3.067240924347e-11
3.057247222967e-11
3.047482741755e-11
3.037949364334e-11
3.028648979793e-11
3.019583482696e-11
3.010754773089e-11
3.002164173879e-11
2.993810678102e-11
2.985692688231e-11
2.977808597566e-11
2.970156790226e-11
2.962735641128e-11
2.955543515981e-11
2.948578771267e-11
2.941839754233e-11
2.935324802875e-11
2.929032245925e-11
2.922960402838e-11
2.917107583779e-11
2.911472089611e-11
2.906052211882e-11
2.900846232808e-11
2.895852425266e-11
2.891069052774e-11
2.886494369486e-11
2.882126620170e-11
2.877964040202e-11
2.874004855550e-11
2.870247282760e-11
2.866689528946e-11
2.863329791772e-11
2.860166259445e-11
2.857197110696e-11
2.854420514770e-11
2.851834631415e-11
2.849437610863e-11
2.847227593822e-11
2.845202711461e-11
2.843361085397e-11
2.841700827681e-11
2.840220040787e-11
2.838916817596e-11
2.837789241388e-11
2.836835385821e-11
2.836053314925e-11
2.835440831973e-11
2.834994724058e-11
2.834711511815e-11
2.834587699999e-11
2.834619777459e-11
2.834804217122e-11
2.835137475968e-11
2.835615995015e-11
2.836236199289e-11
2.836994497811e-11
2.837887283573e-11
2.838910933515e-11
2.840061808506e-11
2.841336253325e-11
2.842730596635e-11
2.844241150966e-11
2.845864212691e-11
2.847596062009e-11
2.849432962920e-11
2.851371163205e-11
2.853406894406e-11
2.855536371805e-11
2.857755794401e-11
2.860061344890e-11
2.862449189646e-11
2.864915478697e-11
2.867456345705e-11
2.870067907945e-11
2.872746266284e-11
2.875487505160e-11
2.878287692562e-11
2.881142880007e-11
2.884049102518e-11
2.887002378608e-11
2.889998710253e-11
2.893034082876e-11
2.896104465322e-11
2.899205809838e-11
2.902334052055e-11
2.905485268933e-11
2.908656153927e-11
2.911843545283e-11
2.915044268363e-11
2.918255135639e-11
2.921472946665e-11
2.924694488069e-11
2.927916533535e-11
2.931135843784e-11
2.934349166560e-11
2.937553236615e-11
2.940744775689e-11
2.943920492497e-11
2.947077082713e-11
2.950211228950e-11
2.953319600747e-11
2.956398854552e-11
2.959445633707e-11
2.962456568428e-11
2.965428275793e-11
2.968357359724e-11
2.971240410968e-11
2.974074007088e-11
2.976854712438e-11
2.979579078153e-11
2.982243642130e-11
2.984844929013e-11
2.987379450176e-11
2.989843703706e-11
2.992234174391e-11
2.994547333695e-11
2.996779639752e-11
2.998927537342e-11
3.000987457880e-11
3.002955819395e-11
3.004829026519e-11
3.006603470466e-11
3.008275529017e-11
3.009841566507e-11
3.011298347705e-11
3.012644282768e-11
3.013878191252e-11
3.014998889022e-11
3.016005188247e-11
3.016895897400e-11
3.017669821249e-11
3.018325760855e-11
3.018862513568e-11
3.019278873023e-11
3.019573629136e-11
3.019745568097e-11
3.019793472371e-11
3.019716120688e-11
3.019512288045e-11
3.019180745697e-11
3.018720261154e-11
3.018129598179e-11
3.017407516780e-11
3.016552773209e-11
3.015564119959e-11
3.014440305755e-11
3.013180075553e-11
3.011782170537e-11
3.010245328112e-11
3.008568281902e-11
3.006749761743e-11
3.004788493683e-11
3.002683199976e-11
3.000432599074e-11
2.998035405631e-11
2.995490330492e-11
2.992796080690e-11
2.989951359445e-11
2.986954866155e-11
2.983805296399e-11
2.980501341924e-11
2.977041690647e-11
2.973425026651e-11
2.969650432533e-11
2.965718599598e-11
2.961630626236e-11
2.957387616356e-11
2.952990679389e-11
2.948440930294e-11
2.943739489570e-11
2.938887483261e-11
2.933886042960e-11
2.928736305823e-11
2.923439414570e-11
2.917996517492e-11
2.912408768464e-11
2.906677326948e-11
2.900803357999e-11
2.894788032276e-11
2.888632526046e-11
2.882338021192e-11
2.875905705221e-11
2.869336771272e-11
2.862632418118e-11
2.855793850181e-11
2.848822277533e-11
2.841718915905e-11
2.834484986695e-11
2.827121716975e-11
2.819630339498e-11
2.812012092704e-11
2.804268220727e-11
2.796399973406e-11
2.788408606288e-11
2.780295380636e-11
2.772061563438e-11
2.763708427411e-11
2.755237251012e-11
2.746649318443e-11
2.737945919657e-11
2.729128350367e-11
2.720197912055e-11
2.711156093277e-11
2.702005114966e-11
2.692747388943e-11
2.683385336963e-11
2.673921390735e-11
2.664357991930e-11
2.654697592191e-11
2.644942653152e-11
2.635095646443e-11
2.625159053705e-11
2.615135366604e-11
2.605027086838e-11
2.594836726155e-11
2.584566806361e-11
2.574219859332e-11
2.563798427030e-11
2.553305061511e-11
2.542742324938e-11
2.532112789594e-11
2.521419037894e-11
2.510663662397e-11
2.499849265817e-11
2.488978461037e-11
2.478053871118e-11
2.467078129316e-11
2.456053879088e-11
2.444983774108e-11
2.433870478281e-11
2.422716665748e-11
2.411525020907e-11
2.400298238416e-11
2.389039023212e-11
2.377750090522e-11
2.366434165870e-11
2.355093985096e-11
2.343732294363e-11
2.332351850173e-11
2.320955419374e-11
2.309545779179e-11
2.298125620348e-11
2.286697256017e-11
2.275262910910e-11
2.263824817984e-11
2.252385218448e-11
2.240946361762e-11
2.229510505655e-11
2.218079916131e-11
2.206656867479e-11
2.195243642281e-11
2.183842531425e-11
2.172455834111e-11
2.161085857863e-11
2.149734918538e-11
2.138405340334e-11
2.127099455801e-11
2.115819605851e-11
2.104568139768e-11
2.093347415213e-11
2.082159798240e-11
2.071007663301e-11
2.059893393258e-11
2.048819379390e-11
2.037788021406e-11
2.026801727452e-11
2.015862914120e-11
2.004974006461e-11
1.994137437990e-11
1.983355650701e-11
1.972631095069e-11
1.961966230068e-11
1.951363523175e-11
1.940825450380e-11
1.930354496198e-11
1.919953153677e-11
1.909623924407e-11
1.899369318531e-11
1.889191854753e-11
1.879094060350e-11
1.869078198373e-11
1.859145447251e-11
1.849296715702e-11
1.839532915044e-11
1.829854959197e-11
1.820263764684e-11
1.810760250634e-11
1.801345338788e-11
1.792019953496e-11
1.782785021726e-11
1.773641473061e-11
1.764590239705e-11
1.755632256484e-11
1.746768460851e-11
1.737999792886e-11
1.729327195300e-11
1.720751613438e-11
1.712273995280e-11
1.703895291446e-11
1.695616455196e-11
1.687438442437e-11
1.679362211721e-11
1.671388724248e-11
1.663518943873e-11
1.655753837105e-11
1.648094373109e-11
1.640541523713e-11
1.633096263405e-11
1.625759569341e-11
1.618532421344e-11
1.611415801908e-11
1.604410696201e-11
1.597518092066e-11
1.590738980028e-11
1.584074353289e-11
1.577525207740e-11
1.571092541956e-11
1.564777357203e-11
1.558580657438e-11
1.552503176603e-11
1.546544558531e-11
1.540704171636e-11
1.534981381134e-11
1.529375549036e-11
1.523886034145e-11
1.518512192054e-11
1.513253375137e-11
1.508108932551e-11
1.503078210227e-11
1.498160550869e-11
1.493355293950e-11
1.488661775707e-11
1.484079329136e-11
1.479607283992e-11
1.475244966780e-11
1.470991700754e-11
1.466846805915e-11
1.462809599001e-11
1.458879393488e-11
1.455055499586e-11
1.451337224233e-11
1.447723871089e-11
1.444214740540e-11
1.440809129684e-11
1.437506332335e-11
1.434305639015e-11
1.431206336950e-11
1.428207710068e-11
1.425309038994e-11
1.422509601046e-11
1.419808670232e-11
1.417205517242e-11
1.414699409452e-11
1.412289610912e-11
1.409975382346e-11
1.407755981148e-11
1.405630661375e-11
1.403598673750e-11
1.401659135343e-11
1.399810637732e-11
1.398051636298e-11
1.396380580299e-11
1.394795912856e-11
1.393296070952e-11
1.391879485422e-11
1.390544580948e-11
1.389289776048e-11
1.388113483075e-11
1.387014108203e-11
1.385990051427e-11
1.385039706550e-11
1.384161461181e-11
1.383353696723e-11
1.382614788371e-11
1.381943105101e-11
1.381337009665e-11
1.380794858583e-11
1.380315002137e-11
1.379895784365e-11
1.379535543049e-11
1.379232609714e-11
1.378985309618e-11
1.378791961745e-11
1.378650878799e-11
1.378560367196e-11
1.378518727056e-11
1.378524252200e-11
1.378575230139e-11
1.378669942068e-11
1.378806662859e-11
1.378983661055e-11
1.379199198863e-11
1.379451532145e-11
1.379738910412e-11
1.380059576819e-11
1.380411768154e-11
1.380793714834e-11
1.381203694039e-11
1.381640189496e-11
1.382101732699e-11
1.382586849851e-11
1.383094061863e-11
1.383621884344e-11
1.384168827598e-11
1.384733396617e-11
1.385314091073e-11
1.385909405318e-11
1.386517828372e-11
1.387137843922e-11
1.387767930311e-11
1.388406560537e-11
1.389052202247e-11
1.389703317726e-11
1.390358363897e-11
1.391015792314e-11
1.391674049152e-11
1.392331575206e-11
1.392986805885e-11
1.393638171203e-11
1.394284095774e-11
1.394922998809e-11
1.395553294108e-11
1.396173390053e-11
1.396781689605e-11
1.397376590297e-11
1.397956484227e-11
1.398519758054e-11
1.399064792991e-11
1.399589964800e-11
1.400093643785e-11
1.400574194788e-11
1.401029977181e-11
1.401459344863e-11
1.401860646252e-11
1.402232224277e-11
1.402572416380e-11
1.402879726710e-11
1.403153343938e-11
1.403392626674e-11
1.403596931556e-11
1.403765613244e-11
1.403898024422e-11
1.403993515790e-11
1.404051436068e-11
1.404071131989e-11
1.404051948302e-11
1.403993227766e-11
1.403894311149e-11
1.403754537227e-11
1.403573242779e-11
1.403349762591e-11
1.403083429446e-11
1.402773574129e-11
1.402419525422e-11
1.402020610099e-11
1.401576152931e-11
1.401085476677e-11
1.400547902086e-11
1.399962747895e-11
1.399329330824e-11
1.398646965577e-11
1.397914964839e-11
1.397132639272e-11
1.396299297516e-11
1.395414246186e-11
1.394476789870e-11
1.393486231126e-11
1.392441870479e-11
1.391343006424e-11
1.390188935418e-11
1.388978951881e-11
1.387712348194e-11
1.386388414697e-11
1.385006439684e-11
1.383565709406e-11
1.382065685575e-11
1.380506539085e-11
1.378888619575e-11
1.377212278221e-11
1.375477867737e-11
1.373685742374e-11
1.371836257929e-11
1.369929771737e-11
1.367966642681e-11
1.365947231189e-11
1.363871899239e-11
1.361741010356e-11
1.359554929619e-11
1.357314023660e-11
1.355018660666e-11
1.352669210381e-11
1.350266044107e-11
1.347809534708e-11
1.345300056608e-11
1.342737985797e-11
1.340123699828e-11
1.337457577825e-11
1.334740000476e-11
1.331971350046e-11
1.329152010366e-11
1.326282366847e-11
1.323362806473e-11
1.320393717806e-11
1.317375490987e-11
1.314308517740e-11
1.311193191371e-11
1.308029906771e-11
1.304819060415e-11
1.301561050371e-11
1.298256276292e-11
1.294905139426e-11
1.291508042612e-11
1.288065390286e-11
1.284577588481e-11
1.281045133072e-11
1.277468875106e-11
1.273849757082e-11
1.270188724862e-11
1.266486727669e-11
1.262744718093e-11
1.258963652097e-11
1.255144489012e-11
1.251288191553e-11
1.247395725810e-11
1.243468061261e-11
1.239506170771e-11
1.235511030597e-11
1.231483620389e-11
1.227424923198e-11
1.223335925476e-11
1.219217617081e-11
1.215070991281e-11
1.210897044755e-11
1.206696777600e-11
1.202471193332e-11
1.198221298891e-11
1.193948104644e-11
1.189652624388e-11
1.185335875354e-11
1.180998878212e-11
1.176642657071e-11
1.172268239488e-11
1.167876656465e-11
1.163468942457e-11
1.159046135375e-11
1.154609276590e-11
1.150159410932e-11
1.145697586700e-11
1.141224855662e-11
1.136742273059e-11
1.132250897608e-11
1.127751791508e-11
1.123246020439e-11
1.118734624393e-11
1.114218529948e-11
1.109698637476e-11
1.105175850274e-11
1.100651074570e-11
1.096125219525e-11
1.091599197235e-11
1.087073922734e-11
1.082550313998e-11
1.078029291948e-11
1.073511780452e-11
1.068998706329e-11
1.064490999351e-11
1.059989592245e-11
1.055495420700e-11
1.051009423365e-11
1.046532541857e-11
1.042065720759e-11
1.037609907625e-11
1.033166052984e-11
1.028735110344e-11
1.024318036189e-11
1.019915789991e-11
1.015529334203e-11
1.011159634272e-11
1.006807658633e-11
1.002474378718e-11
9.981607689573e-12
9.938678067806e-12
9.895964726227e-12
9.853477499247e-12
9.811226251378e-12
9.769220877258e-12
9.727471301686e-12
9.685987479644e-12
9.644779396335e-12
9.603857067206e-12
9.563230537983e-12
9.522909884695e-12
9.482904139193e-12
9.443218058728e-12
9.403855337467e-12
9.364819679288e-12
9.326114797797e-12
9.287744416332e-12
9.249712267973e-12
9.212022095552e-12
9.174677651662e-12
9.137682698665e-12
9.101041008701e-12
9.064756363697e-12
9.028832555378e-12
8.993273385272e-12
8.958082664722e-12
8.923264214896e-12
8.888821866791e-12
8.854759461248e-12
8.821080848956e-12
8.787789890464e-12
8.754890456190e-12
8.722386426427e-12
8.690281691355e-12
8.658580151050e-12
8.627285715489e-12
8.596402304565e-12
8.565933848091e-12
8.535884285812e-12
8.506257567411e-12
8.477057652522e-12
8.448288510736e-12
8.419954121609e-12
8.392058474674e-12
8.364605569450e-12
8.337599415448e-12
8.311044032181e-12
8.284943449175e-12
8.259301705975e-12
8.234122852157e-12
8.209409822029e-12
8.185161051612e-12
8.161373842122e-12
8.138045483484e-12
8.115173254325e-12
8.092754421958e-12
8.070786242372e-12
8.049265960219e-12
8.028190808801e-12
8.007558010061e-12
7.987364774568e-12
7.967608301506e-12
7.948285778662e-12
7.929394382414e-12
7.910931277717e-12
7.892893618097e-12
7.875278545629e-12
7.858083190935e-12
7.841304673165e-12
7.824940099988e-12
7.808986567581e-12
7.793441160612e-12
7.778300952234e-12
7.763563004069e-12
7.749224366196e-12
7.735282077143e-12
7.721733163868e-12
7.708574641755e-12
7.695803514594e-12
7.683416774574e-12
7.671411402272e-12
7.659784366634e-12
7.648532624972e-12
7.637653122945e-12
7.627142794549e-12
7.616998562107e-12
7.607217336254e-12
7.597796015926e-12
7.588731488350e-12
7.580020070791e-12
7.571655832371e-12
7.563632262671e-12
7.555942829084e-12
7.548580976787e-12
7.541540128723e-12
7.534813685574e-12
7.528395025745e-12
7.522277505338e-12
7.516454458129e-12
7.510919195548e-12
7.505665006655e-12
7.500685158122e-12
7.495972894205e-12
7.491521436723e-12
7.487323985042e-12
7.483373716043e-12
7.479663784108e-12
7.476187321094e-12
7.472937436311e-12
7.469907216501e-12
7.467089725815e-12
7.464478005790e-12
7.462065075328e-12
7.459843930674e-12
7.457807545394e-12
7.455948870351e-12
7.454260833685e-12
7.452736340788e-12
7.451368274284e-12
7.450149494009e-12
7.449072836984e-12
7.448131117394e-12
7.447317126568e-12
7.446623632957e-12
7.446043382109e-12
7.445569096647e-12
7.445193476250e-12
7.444909197628e-12
7.444709118061e-12
7.444586887299e-12
7.444536339051e-12
7.444551287714e-12
7.444625528358e-12
7.444752836706e-12
7.444926969115e-12
7.445141662558e-12
7.445390634605e-12
7.445667583405e-12
7.445966187668e-12
7.446280106642e-12
7.446602980102e-12
7.446928428325e-12
7.447250052073e-12
7.447561432577e-12
7.447856131514e-12
7.448127690992e-12
7.448369633531e-12
7.448575462041e-12
7.448738659809e-12
7.448852690475e-12
7.448910998016e-12
7.448907006728e-12
7.448834121206e-12
7.448685726325e-12
7.448455187225e-12
7.448135849286e-12
7.447721038115e-12
7.447204059525e-12
7.446578199518e-12
7.445836724264e-12
7.444972880082e-12
7.443979893427e-12
7.442850970864e-12
7.441579299054e-12
7.440158044734e-12
7.438580354698e-12
7.436839355781e-12
7.434928868946e-12
7.432845555912e-12
7.430586784356e-12
7.428149914869e-12
7.425532300953e-12
7.422731289014e-12
7.419744218354e-12
7.416568421166e-12
7.413201222529e-12
7.409639940397e-12
7.405881885598e-12
7.401924361825e-12
7.397764665627e-12
7.393400086409e-12
7.388827906419e-12
7.384045400747e-12
7.379049837312e-12
7.373838476864e-12
7.368408572971e-12
7.362757372016e-12
7.356882113187e-12
7.350780028476e-12
7.344448342667e-12
7.337884273334e-12
7.331085030833e-12
7.324047818292e-12
7.316769831612e-12
7.309248259455e-12
7.301480283238e-12
7.293463077129e-12
7.285193808039e-12
7.276669635615e-12
7.267887712237e-12
7.258845183005e-12
7.249539185740e-12
7.239966850974e-12
7.230125301941e-12
7.220011654576e-12
7.209623017505e-12
7.198957253683e-12
7.188015269846e-12
7.176798739513e-12
7.165309342484e-12
7.153548764845e-12
7.141518698972e-12
7.129220843543e-12
7.116656903538e-12
7.103828590247e-12
7.090737621280e-12
7.077385720569e-12
7.063774618374e-12
7.049906051293e-12
7.035781762265e-12
7.021403500578e-12
7.006773021871e-12
6.991892088149e-12
6.976762467779e-12
6.961385935505e-12
6.945764272447e-12
6.929899266113e-12
6.913792710401e-12
6.897446405607e-12
6.880862158434e-12
6.864041781991e-12
6.846987095808e-12
6.829699925834e-12
6.812182104450e-12
6.794435470470e-12
6.776461869153e-12
6.758263152201e-12
6.739841177773e-12
6.721197810489e-12
6.702334921433e-12
6.683254388162e-12
6.663958094715e-12
6.644447931611e-12
6.624725795864e-12
6.604793590986e-12
6.584653620227e-12
6.564309768610e-12
6.543766327254e-12
6.523027600732e-12
6.502097907078e-12
6.480981577801e-12
6.459682957900e-12
6.438206405873e-12
6.416556293732e-12
6.394737007015e-12
6.372752944798e-12
6.350608519709e-12
6.328308157938e-12
6.305856299251e-12
6.283257397005e-12
6.260515918155e-12
6.237636343273e-12
6.214623166554e-12
6.191480895834e-12
6.168214052601e-12
6.144827172005e-12
6.121324802874e-12
6.097711507724e-12
6.073991862775e-12
6.050170457958e-12
6.026251896933e-12
6.002240797099e-12
5.978141789607e-12
5.953959519372e-12
5.929698645087e-12
5.905363839233e-12
5.880959788095e-12
5.856491191771e-12
5.831962764188e-12
5.807379233112e-12
5.782745340162e-12
5.758065840822e-12
5.733345504451e-12
5.708589114302e-12
5.683801367784e-12
5.658986576661e-12
5.634148965295e-12
5.609292770255e-12
5.584422240329e-12
5.559541636535e-12
5.534655232130e-12
5.509767312627e-12
5.484882175798e-12
5.460004131690e-12
5.435137502636e-12
5.410286623263e-12
5.385455840507e-12
5.360649513620e-12
5.335872014183e-12
5.311127726118e-12
5.286421045698e-12
5.261756381556e-12
5.237138154700e-12
5.212570798520e-12
5.188058758802e-12
5.163606493738e-12
5.139218473935e-12
5.114899182431e-12
5.090653114701e-12
5.066484778669e-12
5.042398694721e-12
5.018399395716e-12
4.994491426993e-12
4.970679346387e-12
4.946967724237e-12
4.923361143399e-12
4.899864199254e-12
4.876481499722e-12
4.853217665272e-12
4.830077328932e-12
4.807065136302e-12
4.784185745562e-12
4.761443827487e-12
4.738843612731e-12
4.716387531082e-12
4.694077565131e-12
4.671915702350e-12
4.649903935097e-12
4.628044260623e-12
4.606338681072e-12
4.584789203488e-12
4.563397839820e-12
4.542166606922e-12
4.521097526561e-12
4.500192625418e-12
4.479453935095e-12
4.458883492119e-12
4.438483337942e-12
4.418255518950e-12
4.398202086465e-12
4.378325096748e-12
4.358626611005e-12
4.339108695392e-12
4.319773421014e-12
4.300622863937e-12
4.281659105184e-12
4.262884230744e-12
4.244300331576e-12
4.225909503611e-12
4.207713847757e-12
4.189715469904e-12
4.171916480927e-12
4.154318996690e-12
4.136925138051e-12
4.119737030865e-12
4.102756805990e-12
4.085986599289e-12
4.069428551636e-12
4.053084808916e-12
4.036957522035e-12
4.021048846922e-12
4.005360944529e-12
3.989895474188e-12
3.974652070800e-12
3.959629859811e-12
3.944827963154e-12
3.930245499239e-12
3.915881582957e-12
3.901735325671e-12
3.887805835215e-12
3.874092215889e-12
3.860593568457e-12
3.847308990146e-12
3.834237574636e-12
3.821378412062e-12
3.808730589011e-12
3.796293188513e-12
3.784065290045e-12
3.772045969521e-12
3.760234299292e-12
3.748629348143e-12
3.737230181288e-12
3.726035860368e-12
3.715045443446e-12
3.704257985004e-12
3.693672535940e-12
3.683288143567e-12
3.673103851604e-12
3.663118700177e-12
3.653331725814e-12
3.643741961444e-12
3.634348436389e-12
3.625150176365e-12
3.616146203474e-12
3.607335536207e-12
3.598717189435e-12
3.590290174406e-12
3.582053498747e-12
3.574006166452e-12
3.566147177888e-12
3.558475529784e-12
3.550989970410e-12
3.543688263760e-12
3.536567921623e-12
3.529626448062e-12
3.522861339402e-12
3.516270084229e-12
3.509850163378e-12
3.503599049927e-12
3.497514209194e-12
3.491593098723e-12
3.485833168284e-12
3.480231859863e-12
3.474786607654e-12
3.469494838054e-12
3.464353969655e-12
3.459361413238e-12
3.454514571764e-12
3.449810840371e-12
3.445247606361e-12
3.440822249201e-12
3.436532140508e-12
3.432374644047e-12
3.428347115724e-12
3.424446903576e-12
3.420671347768e-12
3.417017780582e-12
3.413483526413e-12
3.410065901762e-12
3.406762215226e-12
3.403569767494e-12
3.400485851342e-12
3.397507751620e-12
3.394632745250e-12
3.391858101217e-12
3.389181080563e-12
3.386598936379e-12
3.384108913799e-12
3.381708249994e-12
3.379394174161e-12
3.377163803907e-12
3.375013833825e-12
3.372940845342e-12
3.370941410181e-12
3.369012090356e-12
3.367149438161e-12
3.365349996162e-12
3.363610297188e-12
3.361926864326e-12
3.360296210908e-12
3.358714840507e-12
3.357179246923e-12
3.355685914181e-12
3.354231316519e-12
3.352811918379e-12
3.351424174401e-12
3.350064529413e-12
3.348729418423e-12
3.347415266610e-12
3.346118489317e-12
3.344835492042e-12
3.343562670430e-12
3.342296410261e-12
3.341033087449e-12
3.339769068026e-12
3.338500708139e-12
3.337224354038e-12
3.335936342069e-12
3.334632998666e-12
3.333310640344e-12
3.331965573687e-12
3.330594095342e-12
3.329192492010e-12
3.327757040438e-12
3.326284007410e-12
3.324769649739e-12
3.323210214260e-12
3.321601937817e-12
3.319941047262e-12
3.318224577864e-12
3.316452833010e-12
3.314626936653e-12
3.312748015993e-12
3.310817201485e-12
3.308835626835e-12
3.306804429008e-12
3.304724748228e-12
3.302597727982e-12
3.300424515023e-12
3.298206259371e-12
3.295944114319e-12
3.293639236431e-12
3.291292785550e-12
3.288905924799e-12
3.286479820580e-12
3.284015642583e-12
3.281514563786e-12
3.278977760455e-12
3.276406412151e-12
3.273801701733e-12
3.271164815356e-12
3.268496942478e-12
3.265799275863e-12
3.263073011580e-12
3.260319349010e-12
3.257539490847e-12
3.254734643099e-12
3.251906015095e-12
3.249054819485e-12
3.246182272241e-12
3.243289592665e-12
3.240378003386e-12
3.237448730368e-12
3.234503002910e-12
3.231542053648e-12
3.228567118560e-12
3.225579436967e-12
3.222580251537e-12
