# Matter power spectrum P(k) at redshift z=0
# for k=1.04528e-05 to 10.5313 h/Mpc,
# number of wavenumbers equal to 611
#    1:k (h/Mpc)              2:P (Mpc/h)^3        
       1.045278920736e-05       5.247853149755e+01 
       2.342657481107e-05       1.140513434881e+02 
       3.644644763758e-05       1.744718018365e+02 
       4.954794615199e-05       2.344240338428e+02 
       6.276720330205e-05       2.942931184308e+02 
       7.614127334800e-05       3.543654322886e+02 
       8.970846926353e-05       4.148845239177e+02 
       1.035087152564e-04       4.760739361449e+02 
       1.175839189905e-04       5.381488538241e+02 
       1.319783681270e-04       6.013231240207e+02 
       1.467391558033e-04       6.658141105722e+02 
       1.619166396028e-04       7.318464473802e+02 
       1.775649383665e-04       7.996552373100e+02 
       1.937424707923e-04       8.694889509406e+02 
       2.105125390413e-04       9.416122056528e+02 
       2.279439593909e-04       1.016308503681e+03 
       2.461117401469e-04       1.093882964823e+03 
       2.650978043190e-04       1.174665081035e+03 
       2.849917506738e-04       1.259011461994e+03 
       3.058916413497e-04       1.347308528587e+03 
       3.279047968384e-04       1.439975053961e+03 
       3.511485693724e-04       1.537464436135e+03 
       3.757510532181e-04       1.640266486975e+03 
       4.018516748091e-04       1.748908519320e+03 
       4.296015871488e-04       1.863955384819e+03 
       4.591637721385e-04       1.986008067840e+03 
       4.907127330660e-04       2.115700367676e+03 
       5.244336403915e-04       2.253693121880e+03 
       5.605207818915e-04       2.400665465890e+03 
       5.991751697755e-04       2.557302578530e+03 
       6.406011806813e-04       2.724279589985e+03 
       6.850021578991e-04       2.902241572397e+03 
       7.325749949968e-04       3.091779913110e+03 
       7.835038466417e-04       3.293405900604e+03 
       8.379532663540e-04       3.507523092386e+03 
       8.960612299658e-04       3.734400456255e+03 
       9.579326334514e-04       3.974148786579e+03 
       1.023633914793e-03       4.226703224575e+03 
       1.093189408472e-03       4.491813947060e+03 
       1.166579885769e-03       4.769046869780e+03 
       1.243743482962e-03       5.057794729451e+03 
       1.324578921228e-03       5.357297517389e+03 
       1.408950641606e-03       5.666654321935e+03 
       1.496695275622e-03       5.984877248170e+03 
       1.587628782491e-03       6.310952633072e+03 
       1.681553609701e-03       6.643816920365e+03 
       1.778265348813e-03       6.982408431588e+03 
       1.877558521666e-03       7.325690847732e+03 
       1.979231302626e-03       7.672671903825e+03 
       2.083089130175e-03       8.022417043861e+03 
       2.188947270049e-03       8.374057656098e+03 
       2.296632459529e-03       8.726796273790e+03 
       2.405983793843e-03       9.079908357739e+03 
       2.516853020190e-03       9.432739588303e+03 
       2.629104392422e-03       9.784705454713e+03 
       2.742614217927e-03       1.013528520358e+04 
       2.857270203767e-03       1.048401939952e+04 
       2.972970685257e-03       1.083050265733e+04 
       3.089623799027e-03       1.117438163672e+04 
       3.207146644949e-03       1.151534674899e+04 
       3.325464467330e-03       1.185313063403e+04 
       3.444509874960e-03       1.218750128604e+04 
       3.564222111649e-03       1.251825942270e+04 
       3.684546383169e-03       1.284523394458e+04 
       3.805433242487e-03       1.316827883144e+04 
       3.926838032525e-03       1.348727126212e+04 
       4.048720383991e-03       1.380210835615e+04 
       4.171043764771e-03       1.411270078780e+04 
       4.293775076914e-03       1.441898142776e+04 
       4.416884296999e-03       1.472088869561e+04 
       4.540344155746e-03       1.501837895482e+04 
       4.664129852877e-03       1.531141871000e+04 
       4.788218803511e-03       1.559996132390e+04 
       4.912590412632e-03       1.588402873641e+04 
       5.037225874525e-03       1.616360535981e+04 
       5.162107994344e-03       1.643868550006e+04 
       5.287221029285e-03       1.670927580886e+04 
       5.412550547113e-03       1.697533414824e+04 
       5.538083300036e-03       1.723682789112e+04 
       5.663807112170e-03       1.749403239274e+04 
       5.789710779002e-03       1.774670665837e+04 
       5.915783977503e-03       1.799498310609e+04 
       6.042017185642e-03       1.823885792951e+04 
       6.168401610263e-03       1.847839189525e+04 
       6.294929122342e-03       1.871358921400e+04 
       6.421592198835e-03       1.894446737454e+04 
       6.548383870350e-03       1.917106039333e+04 
       6.675297674018e-03       1.939342627949e+04 
       6.802327610988e-03       1.961159808945e+04 
       6.929468108045e-03       1.982562952895e+04 
       7.056713982904e-03       2.003548691859e+04 
       7.184060412802e-03       2.024125697171e+04 
       7.311502906023e-03       2.044304497982e+04 
       7.439037276059e-03       2.064082219529e+04 
       7.566659618143e-03       2.083451308286e+04 
       7.694366287895e-03       2.102437756367e+04 
       7.822153881884e-03       2.121032202940e+04 
       7.950019219900e-03       2.139244147163e+04 
       8.077959328782e-03       2.157068030056e+04 
       8.205971427640e-03       2.174530185024e+04 
       8.334052914334e-03       2.191610648756e+04 
       8.462201353107e-03       2.208342615539e+04 
       8.590414463236e-03       2.224670654238e+04 
       8.718690108634e-03       2.240660134328e+04 
       8.847026288293e-03       2.256293221955e+04 
       8.975421127506e-03       2.271572593515e+04 
       9.103872869789e-03       2.286520820500e+04 
       9.232379869446e-03       2.301087493258e+04 
       9.360940584712e-03       2.315333842135e+04 
       9.489553571437e-03       2.329246623665e+04 
       9.618217477250e-03       2.342827745368e+04 
       9.746931036173e-03       2.356056062704e+04 
       9.875693063638e-03       2.368969392962e+04 
       1.000450245188e-02       2.381566737704e+04 
       1.013335816569e-02       2.393838304955e+04 
       1.026225923842e-02       2.405799555618e+04 
       1.039120476837e-02       2.417465840596e+04 
       1.052019391540e-02       2.428808238393e+04 
       1.064922589773e-02       2.439846596138e+04 
       1.077829998906e-02       2.450583283446e+04 
       1.090741551585e-02       2.461022712053e+04 
       1.103657185478e-02       2.471168492303e+04 
       1.116576843045e-02       2.481023417267e+04 
       1.129500471315e-02       2.490593250152e+04 
       1.142428021689e-02       2.499874365709e+04 
       1.155359449748e-02       2.508885462211e+04 
       1.168294715078e-02       2.517611467075e+04 
       1.181233781111e-02       2.526059200152e+04 
       1.194176614970e-02       2.534243364978e+04 
       1.207123187329e-02       2.542155899373e+04 
       1.220073472282e-02       2.549807750311e+04 
       1.233027447223e-02       2.557197608194e+04 
       1.245985092732e-02       2.564332238617e+04 
       1.258946392468e-02       2.571205337850e+04 
       1.271911333075e-02       2.577830356649e+04 
       1.284879904088e-02       2.584201486080e+04 
       1.297852097851e-02       2.590334971802e+04 
       1.310827909441e-02       2.596212710106e+04 
       1.323807336592e-02       2.601871861513e+04 
       1.336790379634e-02       2.607278954153e+04 
       1.349777041425e-02       2.612439607327e+04 
       1.362767327303e-02       2.617398448775e+04 
       1.375761245026e-02       2.622087546205e+04 
       1.388758804732e-02       2.626597322160e+04 
       1.401760018889e-02       2.630856268676e+04 
       1.414764902261e-02       2.634906869577e+04 
       1.427773471871e-02       2.638734795533e+04 
       1.440785746966e-02       2.642339904622e+04 
       1.453801748994e-02       2.645721115990e+04 
       1.466821501571e-02       2.648899096086e+04 
       1.479845030465e-02       2.651915363773e+04 
       1.492872363574e-02       2.654690029631e+04 
       1.505903530907e-02       2.657255489369e+04 
       1.518938564573e-02       2.659648559638e+04 
       1.531977498770e-02       2.661832656940e+04 
       1.545020369770e-02       2.663817116410e+04 
       1.558067215920e-02       2.665618302509e+04 
       1.571118077633e-02       2.667228981635e+04 
       1.584172997385e-02       2.668635641985e+04 
       1.597232019718e-02       2.669884632198e+04 
       1.610295191240e-02       2.670938629936e+04 
       1.623362560632e-02       2.671812711326e+04 
       1.636434178647e-02       2.672506052983e+04 
       1.649510098126e-02       2.673040778047e+04 
       1.662590374003e-02       2.673407924407e+04 
       1.675675063319e-02       2.673586939905e+04 
       1.688764225234e-02       2.673581819376e+04 
       1.701857921042e-02       2.673443954916e+04 
       1.714956214190e-02       2.673143298284e+04 
       1.728059170295e-02       2.672677503315e+04 
       1.741166857164e-02       2.671986542986e+04 
       1.754279344820e-02       2.671263355743e+04 
       1.767396705519e-02       2.670298402523e+04 
       1.780519013784e-02       2.669202120043e+04 
       1.793646346424e-02       2.667962661340e+04 
       1.806778782570e-02       2.666555416597e+04 
       1.819916403699e-02       2.665012927690e+04 
       1.833059293671e-02       2.663383785950e+04 
       1.846207538763e-02       2.661554314931e+04 
       1.859361227699e-02       2.659627552801e+04 
       1.872520451694e-02       2.657486930896e+04 
       1.885685304489e-02       2.655296442075e+04 
       1.898855882392e-02       2.652856758153e+04 
       1.912032284323e-02       2.650462093617e+04 
       1.925214611854e-02       2.647825840653e+04 
       1.938402969258e-02       2.645048078685e+04 
       1.951597463556e-02       2.642211688431e+04 
       1.964798204565e-02       2.639205805766e+04 
       1.978005304951e-02       2.636118904952e+04 
       1.991218880284e-02       2.632884306870e+04 
       2.004439049087e-02       2.629510755518e+04 
       2.017665932899e-02       2.626005381717e+04 
       2.030899656333e-02       2.622495239893e+04 
       2.044140347134e-02       2.618767956874e+04 
       2.057388136246e-02       2.614941714567e+04 
       2.070643157875e-02       2.611059096980e+04 
       2.083905549556e-02       2.607146666558e+04 
       2.097175452225e-02       2.602932308801e+04 
       2.110453010289e-02       2.598794656328e+04 
       2.123738371700e-02       2.594467007411e+04 
       2.137031688034e-02       2.590011429448e+04 
       2.150333114567e-02       2.585490625069e+04 
       2.163642810358e-02       2.580939033796e+04 
       2.176960938335e-02       2.576283491591e+04 
       2.190287665378e-02       2.571434033188e+04 
       2.203623162411e-02       2.566637479565e+04 
       2.216967604494e-02       2.561670763810e+04 
       2.230321170918e-02       2.556604270233e+04 
       2.243684045303e-02       2.551466039831e+04 
       2.257056415701e-02       2.546274594603e+04 
       2.270438474697e-02       2.540949627496e+04 
       2.283830419520e-02       2.535578242984e+04 
       2.297232452153e-02       2.530103093942e+04 
       2.310644779445e-02       2.524596143240e+04 
       2.324067613235e-02       2.518996114268e+04 
       2.337501170467e-02       2.513358237981e+04 
       2.350945673322e-02       2.507593705721e+04 
       2.364401349341e-02       2.501758877799e+04 
       2.377868431567e-02       2.495889732460e+04 
       2.391347158673e-02       2.489903292802e+04 
       2.404837775113e-02       2.483894151546e+04 
       2.418340531265e-02       2.477836551696e+04 
       2.431855683582e-02       2.471649797827e+04 
       2.445383494751e-02       2.465433915813e+04 
       2.458924233850e-02       2.459188122936e+04 
       2.472478176520e-02       2.452891508821e+04 
       2.486045605135e-02       2.446465703190e+04 
       2.499626808978e-02       2.440095305261e+04 
       2.513222084427e-02       2.433582537544e+04 
       2.526831735142e-02       2.426987992185e+04 
       2.540456072264e-02       2.420386840923e+04 
       2.554095414615e-02       2.413741162081e+04 
       2.567750088908e-02       2.407067752258e+04 
       2.581420429964e-02       2.400319192184e+04 
       2.595106780935e-02       2.393566331829e+04 
       2.608809493532e-02       2.386701141726e+04 
       2.622528928270e-02       2.379864617502e+04 
       2.636265454711e-02       2.372883207300e+04 
       2.650019451721e-02       2.365913843607e+04 
       2.663791307734e-02       2.358951213562e+04 
       2.677581421029e-02       2.351888118991e+04 
       2.691390200008e-02       2.344815049468e+04 
       2.705218063495e-02       2.337718460562e+04 
       2.719065441039e-02       2.330538479050e+04 
       2.732932773227e-02       2.323365391370e+04 
       2.746820512015e-02       2.316153088403e+04 
       2.760729121060e-02       2.308877279342e+04 
       2.774659076078e-02       2.301607882758e+04 
       2.788610865204e-02       2.294305793123e+04 
       2.802584989368e-02       2.286943825682e+04 
       2.816581962692e-02       2.279569107132e+04 
       2.830602312891e-02       2.272153639143e+04 
       2.844646581701e-02       2.264749989433e+04 
       2.858715325310e-02       2.257260374208e+04 
       2.872809114817e-02       2.249797515084e+04 
       2.886928536707e-02       2.242300862294e+04 
       2.901074193338e-02       2.234759743793e+04 
       2.915246703454e-02       2.227236836367e+04 
       2.929446702717e-02       2.219679505265e+04 
       2.943674844256e-02       2.212113431210e+04 
       2.957931799247e-02       2.204498496765e+04 
       2.972218257507e-02       2.196856509917e+04 
       2.986534928119e-02       2.189219627191e+04 
       3.000882540082e-02       2.181535493511e+04 
       3.015261842983e-02       2.173899271750e+04 
       3.029673607708e-02       2.166229988757e+04 
       3.044118627168e-02       2.158504732946e+04 
       3.058597717074e-02       2.150809507577e+04 
       3.073111716730e-02       2.143082503699e+04 
       3.087661489868e-02       2.135360307024e+04 
       3.102247925524e-02       2.127586105853e+04 
       3.116871938940e-02       2.119833280399e+04 
       3.131534472521e-02       2.112078892925e+04 
       3.146236496823e-02       2.104290312878e+04 
       3.160979011596e-02       2.096519246925e+04 
       3.175763046869e-02       2.088719886702e+04 
       3.190589664088e-02       2.080933230672e+04 
       3.205459957305e-02       2.073116122650e+04 
       3.220375054425e-02       2.065313735704e+04 
       3.235336118517e-02       2.057488263279e+04 
       3.250344349177e-02       2.049653133205e+04 
       3.265400983972e-02       2.041836432669e+04 
       3.280507299941e-02       2.034027725645e+04 
       3.295664615181e-02       2.026174044928e+04 
       3.310874290508e-02       2.018342668478e+04 
       3.326137731205e-02       2.010506815474e+04 
       3.341456388853e-02       2.002669802066e+04 
       3.356831763269e-02       1.994822122617e+04 
       3.372265404530e-02       1.986982614803e+04 
       3.387758915118e-02       1.979144129791e+04 
       3.403313952173e-02       1.971290410744e+04 
       3.418932229865e-02       1.963458319871e+04 
       3.434615521902e-02       1.955622080713e+04 
       3.450365664172e-02       1.947770881982e+04 
       3.466184557532e-02       1.939941182934e+04 
       3.482074170761e-02       1.932099349117e+04 
       3.498036543668e-02       1.924260311452e+04 
       3.514073790396e-02       1.916412898773e+04 
       3.530188102904e-02       1.908599411168e+04 
       3.546381754664e-02       1.900760402372e+04 
       3.562657104572e-02       1.892932511076e+04 
       3.579016601103e-02       1.885112745171e+04 
       3.595462786711e-02       1.877288763810e+04 
       3.611998302509e-02       1.869477882843e+04 
       3.628625893235e-02       1.861666547357e+04 
       3.645348412541e-02       1.853854581563e+04 
       3.662168828611e-02       1.846042182888e+04 
       3.679090230153e-02       1.838240658930e+04 
       3.696115832784e-02       1.830432048322e+04 
       3.713248985833e-02       1.822647867311e+04 
       3.730493179611e-02       1.814858691768e+04 
       3.747852053181e-02       1.807065709792e+04 
       3.765329402654e-02       1.799281858270e+04 
       3.782929190080e-02       1.791504832039e+04 
       3.800655552969e-02       1.783722643412e+04 
       3.818512814495e-02       1.775943730838e+04 
       3.836505494454e-02       1.768185699438e+04 
       3.854638321032e-02       1.760413247411e+04 
       3.872916243459e-02       1.752663008278e+04 
       3.891344445634e-02       1.744888101674e+04 
       3.909928360803e-02       1.737138323299e+04 
       3.928673687394e-02       1.729382611249e+04 
       3.947586406121e-02       1.721620944760e+04 
       3.966672798471e-02       1.713877846337e+04 
       3.985939466719e-02       1.706127396618e+04 
       4.005393355622e-02       1.698379762155e+04 
       4.025041775948e-02       1.690634725145e+04 
       4.044892430056e-02       1.682875889264e+04 
       4.064953439713e-02       1.675135634113e+04 
       4.085233376402e-02       1.667382744026e+04 
       4.105741294391e-02       1.659630762259e+04 
       4.126486766853e-02       1.651885145458e+04 
       4.147479925399e-02       1.644117203259e+04 
       4.168731503384e-02       1.636357842528e+04 
       4.190252883456e-02       1.628584533085e+04 
       4.212056149822e-02       1.620825492307e+04 
       4.234154145810e-02       1.613043741393e+04 
       4.256560537372e-02       1.605258040895e+04 
       4.279289883272e-02       1.597472811060e+04 
       4.302357712799e-02       1.589677578111e+04 
       4.325780612001e-02       1.581861353576e+04 
       4.349576319537e-02       1.574029983968e+04 
       4.373763833475e-02       1.566199911914e+04 
       4.398363530529e-02       1.558356646751e+04 
       4.423397299474e-02       1.550477961015e+04 
       4.448888690809e-02       1.542599040459e+04 
       4.474863085010e-02       1.534697812420e+04 
       4.501347882205e-02       1.526776646276e+04 
       4.528372716531e-02       1.518826807603e+04 
       4.555969699056e-02       1.510851487363e+04 
       4.584173693858e-02       1.502845652950e+04 
       4.613022632719e-02       1.494813686999e+04 
       4.642557874927e-02       1.486749188569e+04 
       4.672824619981e-02       1.478636565845e+04 
       4.703872382555e-02       1.470491706481e+04 
       4.735755541006e-02       1.462309670751e+04 
       4.768533973115e-02       1.454067499449e+04 
       4.802273795687e-02       1.445772843167e+04 
       4.837048228349e-02       1.437434042685e+04 
       4.872938606491e-02       1.429019964505e+04 
       4.910035574096e-02       1.420545835395e+04 
       4.948440494512e-02       1.411991686470e+04 
       4.988267126470e-02       1.403362241923e+04 
       5.029643624407e-02       1.394627069315e+04 
       5.072714937070e-02       1.385800968857e+04 
       5.117645697452e-02       1.376845955400e+04 
       5.164623721364e-02       1.367788543695e+04 
       5.213864262846e-02       1.358576687867e+04 
       5.265615213691e-02       1.349212639971e+04 
       5.320163483350e-02       1.339661886694e+04 
       5.377842855701e-02       1.329909778918e+04 
       5.439043690939e-02       1.319927893221e+04 
       5.504224921251e-02       1.309669684382e+04 
       5.573928868303e-02       1.299086813228e+04 
       5.648799464529e-02       1.288129591064e+04 
       5.729604434857e-02       1.276721025261e+04 
       5.817261779851e-02       1.264758329872e+04 
       5.912870278096e-02       1.252119955760e+04 
       6.017742293315e-02       1.238635650771e+04 
       6.133434242322e-02       1.224075585969e+04 
       6.261764624258e-02       1.208123321650e+04 
       6.404800413205e-02       1.190399884501e+04 
       6.564779928929e-02       1.170373120628e+04 
       6.743928726363e-02       1.147350410989e+04 
       6.944129971745e-02       1.120536535340e+04 
       7.166460441877e-02       1.089178004059e+04 
       7.410715943521e-02       1.052654411269e+04 
       7.675171037112e-02       1.010819861417e+04 
       7.956793880909e-02       9.642272013083e+03 
       8.251881714185e-02       9.141173847010e+03 
       8.556799047967e-02       8.623107756531e+03 
       8.868487326008e-02       8.108798331866e+03 
       9.184642796119e-02       7.617641725644e+03 
       9.503658473965e-02       7.165324926583e+03 
       9.824469504266e-02       6.762697390245e+03 
       1.014639335110e-01       6.415378508138e+03 
       1.046900163954e-01       6.123484846507e+03 
       1.079202900451e-01       5.883710713664e+03 
       1.111531237204e-01       5.688527234518e+03 
       1.143875201097e-01       5.529039333857e+03 
       1.176228710018e-01       5.394393179348e+03 
       1.208588060415e-01       5.273879045230e+03 
       1.240950998529e-01       5.157921982581e+03 
       1.273316152786e-01       5.037393431797e+03 
       1.305682687913e-01       4.906845745868e+03 
       1.338050094535e-01       4.762452842330e+03 
       1.370418061303e-01       4.603576760052e+03 
       1.402786397234e-01       4.432172248983e+03 
       1.435154984555e-01       4.251983841312e+03 
       1.467523750067e-01       4.068071413914e+03 
       1.499892647759e-01       3.886007001785e+03 
       1.532261648240e-01       3.711050243629e+03 
       1.564630732321e-01       3.547767804575e+03 
       1.596999887107e-01       3.399544189895e+03 
       1.629369103619e-01       3.268217506534e+03 
       1.661738375340e-01       3.154502817584e+03 
       1.694107697325e-01       3.057636432864e+03 
       1.726477065655e-01       2.975875729236e+03 
       1.758846477101e-01       2.906567050614e+03 
       1.791215928909e-01       2.846493307648e+03 
       1.823585418672e-01       2.792412721471e+03 
       1.855954944241e-01       2.741459177977e+03 
       1.888324503670e-01       2.690664931351e+03 
       1.920694095179e-01       2.637228668402e+03 
       1.953063717127e-01       2.579716137115e+03 
       1.985433367994e-01       2.517236131731e+03 
       2.017803046364e-01       2.450014428453e+03 
       2.050172750917e-01       2.378898966597e+03 
       2.082542480419e-01       2.305400319230e+03 
       2.114912233712e-01       2.231252199726e+03 
       2.147282009711e-01       2.158256519672e+03 
       2.179651807396e-01       2.087933351734e+03 
       2.212021625807e-01       2.021616929983e+03 
       2.244391464040e-01       1.960270098496e+03 
       2.276761321245e-01       1.904331666130e+03 
       2.309131196617e-01       1.854096494427e+03 
       2.341501089398e-01       1.809424595433e+03 
       2.373870998870e-01       1.769645153684e+03 
       2.406240924356e-01       1.734277047763e+03 
       2.438610865214e-01       1.701967442186e+03 
       2.470980820836e-01       1.671959208346e+03 
       2.503350790644e-01       1.643087250696e+03 
       2.535720774094e-01       1.614436820364e+03 
       2.568090770664e-01       1.585285556088e+03 
       2.600460779864e-01       1.555169540381e+03 
       2.632830801222e-01       1.523832022952e+03 
       2.665200834296e-01       1.491294976264e+03 
       2.697570878658e-01       1.457749258744e+03 
       2.729940933907e-01       1.423512161046e+03 
       2.762310999657e-01       1.389068695218e+03 
       2.794681075541e-01       1.354942170753e+03 
       2.827051161208e-01       1.321667569423e+03 
       2.859421256326e-01       1.289758259906e+03 
       2.891791360574e-01       1.259589927043e+03 
       2.924161473648e-01       1.231404403705e+03 
       2.956531595256e-01       1.205248801865e+03 
       2.988901725119e-01       1.181090003072e+03 
       3.021271862972e-01       1.158721453185e+03 
       3.053642008557e-01       1.137890349710e+03 
       3.086012161632e-01       1.118304890410e+03 
       3.118382321961e-01       1.099678268493e+03 
       3.150752489319e-01       1.081680401503e+03 
       3.183122663492e-01       1.064030029763e+03 
       3.215492844271e-01       1.046486832395e+03 
       3.247863031460e-01       1.028825663240e+03 
       3.280233224866e-01       1.010971127984e+03 
       3.312603424307e-01       9.928772688380e+02 
       3.344973629608e-01       9.745745339681e+02 
       3.377343840597e-01       9.562024162488e+02 
       3.409714057114e-01       9.378890244789e+02 
       3.442084279000e-01       9.198127069233e+02 
       3.474454506106e-01       9.021132690229e+02 
       3.506824738286e-01       8.849013330782e+02 
       3.539194975401e-01       8.682994069992e+02 
       3.571565217315e-01       8.523782896443e+02 
       3.603935463898e-01       8.371970143221e+02 
       3.636305715026e-01       8.227642056715e+02 
       3.668675970577e-01       8.090540115951e+02 
       3.701046230435e-01       7.960053148398e+02 
       3.733416494488e-01       7.835162829106e+02 
       3.765786762626e-01       7.714734885641e+02 
       3.798157034745e-01       7.597609469915e+02 
       3.830527310744e-01       7.482901833252e+02 
       3.862897590525e-01       7.369783949722e+02 
       3.895267873992e-01       7.257774384636e+02 
       3.927638161055e-01       7.146559043335e+02 
       3.960008451625e-01       7.035870423120e+02 
       3.992378745616e-01       6.925918950143e+02 
       4.024749042945e-01       6.816685278736e+02 
       4.057119343532e-01       6.708363134049e+02 
       4.089489647300e-01       6.601363383731e+02 
       4.121859954173e-01       6.496163643297e+02 
       4.154230264079e-01       6.393162199490e+02 
       4.186600576946e-01       6.292911835545e+02 
       4.218970892707e-01       6.195484518792e+02 
       4.251341211294e-01       6.101019145759e+02 
       4.283711532644e-01       6.009483651944e+02 
       4.316081856695e-01       5.920779761786e+02 
       4.348452183385e-01       5.834787105621e+02 
       4.380822512656e-01       5.751350371894e+02 
       4.413192844451e-01       5.670298142791e+02 
       4.445563178715e-01       5.591394957943e+02 
       4.477933515394e-01       5.514381757550e+02 
       4.510303854436e-01       5.438946947705e+02 
       4.542674195789e-01       5.364749469597e+02 
       4.575044539406e-01       5.291563057825e+02 
       4.607414885237e-01       5.219245276578e+02 
       4.639785233237e-01       5.147748053268e+02 
       4.672155583360e-01       5.077101989646e+02 
       4.704525935563e-01       5.007359602000e+02 
       4.736896289801e-01       4.938581184081e+02 
       4.769266646035e-01       4.870813034531e+02 
       4.801637004223e-01       4.804140636196e+02 
       4.834007364326e-01       4.738627440864e+02 
       4.866377726306e-01       4.674394205096e+02 
       4.898748090125e-01       4.611562997493e+02 
       4.931118455746e-01       4.550233845112e+02 
       4.963488823136e-01       4.490444576102e+02 
       4.995859192259e-01       4.432168849381e+02 
       5.028229563081e-01       4.375311142441e+02 
       5.060599935570e-01       4.319739280682e+02 
       5.092970309694e-01       4.265322266431e+02 
       5.125340685421e-01       4.211953312978e+02 
       5.157711062723e-01       4.159553720116e+02 
       5.190081441568e-01       4.108061331888e+02 
       5.222451821929e-01       4.057410689331e+02 
       5.254822203777e-01       4.007532405100e+02 
       5.287192587084e-01       3.958351600599e+02 
       5.319562971825e-01       3.909817180941e+02 
       5.351933357972e-01       3.861908164351e+02 
       5.384303745501e-01       3.814647796202e+02 
       5.416674134387e-01       3.768091860662e+02 
       5.449044524605e-01       3.722299113969e+02 
       5.481414916131e-01       3.677310582017e+02 
       5.513785308944e-01       3.633140211152e+02 
       5.546155703019e-01       3.589770672422e+02 
       5.578526098335e-01       3.547180741965e+02 
       5.610896494871e-01       3.505343834150e+02 
       5.643266892605e-01       3.464260751575e+02 
       5.675637291517e-01       3.423933133848e+02 
       5.708007691587e-01       3.384367982252e+02 
       5.740378092795e-01       3.345546080351e+02 
       5.772748495122e-01       3.307425487802e+02 
       5.805118898549e-01       3.269952767010e+02 
       5.837489303057e-01       3.233067705077e+02 
       5.869859708630e-01       3.196731603753e+02 
       5.902230115248e-01       3.160925126562e+02 
       5.934600522896e-01       3.125648272728e+02 
       5.966970931556e-01       3.090906781886e+02 
       5.999341341212e-01       3.056693715485e+02 
       6.031711751848e-01       3.022993381353e+02 
       6.064082163448e-01       2.989776823688e+02 
       6.096452575997e-01       2.957024068383e+02 
       6.128822989479e-01       2.924725104608e+02 
       6.161193403880e-01       2.892891619384e+02 
       6.193563819186e-01       2.861546322193e+02 
       6.225934235381e-01       2.830710768332e+02 
       6.258304652454e-01       2.800390113431e+02 
       6.290675070389e-01       2.770570507050e+02 
       6.323045489173e-01       2.741232010090e+02 
       6.355415908794e-01       2.712337973159e+02 
       6.387786329239e-01       2.683874747537e+02 
       6.420156750495e-01       2.655838435545e+02 
       6.452527172551e-01       2.628228230773e+02 
       6.484897595393e-01       2.601048682258e+02 
       6.517268019011e-01       2.574291000273e+02 
       6.549638443392e-01       2.547933242878e+02 
       6.582008868526e-01       2.521947819527e+02 
       6.614379294402e-01       2.496307468122e+02 
       6.646749721008e-01       2.471003780564e+02 
       6.679120148334e-01       2.446034605683e+02 
       6.711490576369e-01       2.421411291335e+02 
       6.743861005104e-01       2.397145038568e+02 
       6.776231434527e-01       2.373233015519e+02 
       6.808601864630e-01       2.349665177874e+02 
       6.840972295403e-01       2.326424704344e+02 
       6.873342726836e-01       2.303493441263e+02 
       6.905713158920e-01       2.280866269085e+02 
       6.938083591646e-01       2.258545552282e+02 
       6.970454025004e-01       2.236541022702e+02 
       7.002824458986e-01       2.214861289849e+02 
       7.035194893584e-01       2.193504103657e+02 
       7.067565328789e-01       2.172454921440e+02 
       7.099935764592e-01       2.151691943817e+02 
       7.132306200985e-01       2.131201744449e+02 
       7.164676637961e-01       2.110973917111e+02 
       7.197047075512e-01       2.091007208263e+02 
       7.229417513629e-01       2.071310513028e+02 
       7.261787952305e-01       2.051886885750e+02 
       7.294158391533e-01       2.032731507144e+02 
       7.326528831306e-01       2.013833741439e+02 
       7.358899271615e-01       1.995177004569e+02 
       7.391269712455e-01       1.976750769551e+02 
       7.423640153818e-01       1.958546707870e+02 
       7.456010595697e-01       1.940573178757e+02 
       7.488381038086e-01       1.922825735082e+02 
       7.520751480978e-01       1.905327869215e+02 
       7.553121924366e-01       1.888066215884e+02 
       8.241122272583e-01       1.568004300206e+02 
       9.229643949645e-01       1.228422245751e+02 
       1.079237451711e+00       8.728966850203e+01 
       1.328070183459e+00       5.504819012267e+01 
       1.669133529348e+00       3.281228045150e+01 
       2.101261053291e+00       1.930838583827e+01 
       2.645330736427e+00       1.126718116213e+01 
       3.330274086582e+00       6.525301410610e+00 
       4.192566675838e+00       3.753027545213e+00 
       5.278128728853e+00       2.144991505337e+00 
       6.644770383474e+00       1.218823373115e+00 
       8.365270291293e+00       6.888670649893e-01 
       1.053125134624e+01       3.874208793910e-01 
