# Matter power spectrum P(k) at redshift z=0
# for k=1.04657e-05 to 1.09063 h/Mpc,
# number of wavenumbers equal to 603
#    1:k (h/Mpc)              2:P (Mpc/h)^3        
       1.046574090610e-05       5.218766880621e+01 
       2.334728171077e-05       1.129154238113e+02 
       3.627416802797e-05       1.725105393512e+02 
       4.928118406093e-05       2.316420639744e+02 
       6.240368975809e-05       2.906867313490e+02 
       7.567793613661e-05       3.499244378905e+02 
       8.914139069423e-05       4.095929387028e+02 
       1.028330772376e-04       4.699101920786e+02 
       1.167939344887e-04       5.310857737349e+02 
       1.310671978636e-04       5.933277309978e+02 
       1.456988088257e-04       6.568473128544e+02 
       1.607378561532e-04       7.218626207806e+02 
       1.762370532845e-04       7.886017005297e+02 
       1.922532555313e-04       8.573053492336e+02 
       2.088480202930e-04       9.282297873213e+02 
       2.260882123226e-04       1.001649295739e+03 
       2.440466544289e-04       1.077858849014e+03 
       2.628028215188e-04       1.157176764143e+03 
       2.824435723253e-04       1.239947348110e+03 
       3.030639081954e-04       1.326543511061e+03 
       3.247677415487e-04       1.417369239990e+03 
       3.476686476586e-04       1.512861823716e+03 
       3.718905618786e-04       1.613493692459e+03 
       3.975683700755e-04       1.719773557594e+03 
       4.248483228716e-04       1.832246647311e+03 
       4.538881848661e-04       1.951493601957e+03 
       4.848570096685e-04       2.078127623235e+03 
       5.179344128887e-04       2.212789343429e+03 
       5.533092023142e-04       2.356138945527e+03 
       5.911772232411e-04       2.508844945419e+03 
       6.317382947140e-04       2.671569417043e+03 
       6.751921572179e-04       2.844949313778e+03 
       7.217334305783e-04       3.029574276136e+03 
       7.715456942059e-04       3.225961479655e+03 
       8.247949436262e-04       3.434528977868e+03 
       8.816228292182e-04       3.655569215198e+03 
       9.421402153076e-04       3.889225177378e+03 
       1.006421673373e-03       4.135471723395e+03 
       1.074501508531e-03       4.394104379656e+03 
       1.146371796607e-03       4.664737450256e+03 
       1.221982690137e-03       4.946812026091e+03 
       1.301244974870e-03       5.239613616945e+03 
       1.384034582413e-03       5.542282839442e+03 
       1.470198548750e-03       5.853860796328e+03 
       1.559561792893e-03       6.173360719214e+03 
       1.651934085626e-03       6.499735092998e+03 
       1.747116666842e-03       6.831930338836e+03 
       1.844908115598e-03       7.168911645269e+03 
       1.945109239941e-03       7.509682726587e+03 
       2.047526902125e-03       7.853300796920e+03 
       2.151976810139e-03       8.198886482266e+03 
       2.258285382468e-03       8.545629815718e+03 
       2.366290832895e-03       8.892793056889e+03 
       2.475843633831e-03       9.239709524474e+03 
       2.586806509349e-03       9.585782473830e+03 
       2.699054090977e-03       9.930480050057e+03 
       2.812472346611e-03       1.027333294455e+04 
       2.926957869852e-03       1.061393057647e+04 
       3.042417095941e-03       1.095190871098e+04 
       3.158765492533e-03       1.128695447435e+04 
       3.275926758984e-03       1.161879689342e+04 
       3.393832056502e-03       1.194720137058e+04 
       3.512419282996e-03       1.227196579338e+04 
       3.631632400219e-03       1.259291906324e+04 
       3.751420816431e-03       1.290991684270e+04 
       3.871738824783e-03       1.322283499023e+04 
       3.992545095666e-03       1.353157231421e+04 
       4.113802220066e-03       1.383604439029e+04 
       4.235476300282e-03       1.413618561842e+04 
       4.357536584076e-03       1.443193485321e+04 
       4.479955138252e-03       1.472325361606e+04 
       4.602706557808e-03       1.501010584709e+04 
       4.725767706960e-03       1.529247052805e+04 
       4.849117488654e-03       1.557032988783e+04 
       4.972736639423e-03       1.584367748642e+04 
       5.096607546780e-03       1.611253407877e+04 
       5.220714086584e-03       1.637688117009e+04 
       5.345041478113e-03       1.663674474512e+04 
       5.469576154815e-03       1.689213349767e+04 
       5.594305648947e-03       1.714306295194e+04 
       5.719218488495e-03       1.738956243370e+04 
       5.844304104989e-03       1.763165193507e+04 
       5.969552750955e-03       1.786935881507e+04 
       6.094955425924e-03       1.810271889020e+04 
       6.220503810023e-03       1.833176015034e+04 
       6.346190204307e-03       1.855651095898e+04 
       6.472007477073e-03       1.877701437477e+04 
       6.597949015514e-03       1.899329620594e+04 
       6.724008682100e-03       1.920539648150e+04 
       6.850180775210e-03       1.941335942231e+04 
       6.976459993522e-03       1.961721554912e+04 
       7.102841403793e-03       1.981700466928e+04 
       7.229320411652e-03       2.001276936633e+04 
       7.355892735095e-03       2.020453923036e+04 
       7.482554380419e-03       2.039236305012e+04 
       7.609301620319e-03       2.057628965591e+04 
       7.736130973955e-03       2.075634858140e+04 
       7.863039188780e-03       2.093258755701e+04 
       7.990023223951e-03       2.110503736526e+04 
       8.117080235185e-03       2.127375737192e+04 
       8.244207560897e-03       2.143876496323e+04 
       8.371402709523e-03       2.160011254887e+04 
       8.498663347891e-03       2.175785907887e+04 
       8.625987290562e-03       2.191202937338e+04 
       8.753372490041e-03       2.206265856570e+04 
       8.880817027782e-03       2.220978468651e+04 
       9.008319105909e-03       2.235345920744e+04 
       9.135877039602e-03       2.249371011667e+04 
       9.263489250075e-03       2.263058648977e+04 
       9.391154258103e-03       2.276412015787e+04 
       9.518870678049e-03       2.289434922882e+04 
       9.646637212343e-03       2.302132107380e+04 
       9.774452646385e-03       2.314505465888e+04 
       9.902315843826e-03       2.326560547414e+04 
       1.003022574220e-02       2.338299486285e+04 
       1.015818134890e-02       2.349727446174e+04 
       1.028618173738e-02       2.360846392884e+04 
       1.041422604375e-02       2.371662217468e+04 
       1.054231346349e-02       2.382177060479e+04 
       1.067044324851e-02       2.392394648739e+04 
       1.079861470433e-02       2.402317647585e+04 
       1.092682718754e-02       2.411951702547e+04 
       1.105508010335e-02       2.421297635182e+04 
       1.118337290343e-02       2.430360786715e+04 
       1.131170508377e-02       2.439144766155e+04 
       1.144007618279e-02       2.447651344211e+04 
       1.156848577955e-02       2.455884252040e+04 
       1.169693349206e-02       2.463848034453e+04 
       1.182541897577e-02       2.471545287003e+04 
       1.195394192205e-02       2.478978667415e+04 
       1.208250205696e-02       2.486151259085e+04 
       1.221109913988e-02       2.493068121768e+04 
       1.233973296245e-02       2.499731394983e+04 
       1.246840334745e-02       2.506143508409e+04 
       1.259711014779e-02       2.512308247180e+04 
       1.272585324559e-02       2.518228593422e+04 
       1.285463255134e-02       2.523909220687e+04 
       1.298344800307e-02       2.529350042887e+04 
       1.311229956563e-02       2.534556598765e+04 
       1.324118723001e-02       2.539530709226e+04 
       1.337011101269e-02       2.544275611600e+04 
       1.349907095508e-02       2.548794499433e+04 
       1.362806712298e-02       2.553089313502e+04 
       1.375709960608e-02       2.557164057966e+04 
       1.388616851753e-02       2.561020443806e+04 
       1.401527399352e-02       2.564661162865e+04 
       1.414441619293e-02       2.568090085268e+04 
       1.427359529694e-02       2.571309602367e+04 
       1.440281150881e-02       2.574320045359e+04 
       1.453206505355e-02       2.577127291727e+04 
       1.466135617772e-02       2.579732676335e+04 
       1.479068514917e-02       2.582137863409e+04 
       1.492005225694e-02       2.584348050203e+04 
       1.504945781105e-02       2.586362663374e+04 
       1.517890214236e-02       2.588186930926e+04 
       1.530838560253e-02       2.589822478794e+04 
       1.543790856391e-02       2.591271938233e+04 
       1.556747141945e-02       2.592537783953e+04 
       1.569707458275e-02       2.593622274443e+04 
       1.582671848795e-02       2.594528140072e+04 
       1.595640358985e-02       2.595257267241e+04 
       1.608613036384e-02       2.595810453233e+04 
       1.621589930601e-02       2.596193297170e+04 
       1.634571093323e-02       2.596404428356e+04 
       1.647556578319e-02       2.596449463541e+04 
       1.660546441453e-02       2.596329163051e+04 
       1.673540740701e-02       2.596045654616e+04 
       1.686539536158e-02       2.595602736536e+04 
       1.699542890059e-02       2.594999953123e+04 
       1.712550866796e-02       2.594242909197e+04 
       1.725563532938e-02       2.593331139824e+04 
       1.738580957250e-02       2.592270307113e+04 
       1.751603210721e-02       2.591056057442e+04 
       1.764630366582e-02       2.589696485412e+04 
       1.777662500340e-02       2.588191303772e+04 
       1.790699689797e-02       2.586543436131e+04 
       1.803742015090e-02       2.584756728336e+04 
       1.816789558714e-02       2.582828225128e+04 
       1.829842405559e-02       2.580765126091e+04 
       1.842900642945e-02       2.578567443764e+04 
       1.855964360655e-02       2.576236088265e+04 
       1.869033650978e-02       2.573775284913e+04 
       1.882108608744e-02       2.571186105217e+04 
       1.895189331370e-02       2.568468406682e+04 
       1.908275918899e-02       2.565629738338e+04 
       1.921368474047e-02       2.562667183641e+04 
       1.934467102252e-02       2.559581650796e+04 
       1.947571911717e-02       2.556382185103e+04 
       1.960683013466e-02       2.553064469758e+04 
       1.973800521394e-02       2.549631254486e+04 
       1.986924552319e-02       2.546086818932e+04 
       2.000055226042e-02       2.542432834871e+04 
       2.013192665404e-02       2.538663264750e+04 
       2.026336996342e-02       2.534792183340e+04 
       2.039488347958e-02       2.530814783883e+04 
       2.052646852578e-02       2.526732594906e+04 
       2.065812645819e-02       2.522550517628e+04 
       2.078985866660e-02       2.518273234820e+04 
       2.092166657510e-02       2.513890079047e+04 
       2.105355164284e-02       2.509416769743e+04 
       2.118551536474e-02       2.504844824839e+04 
       2.131755927230e-02       2.500183436455e+04 
       2.144968493443e-02       2.495430616076e+04 
       2.158189395820e-02       2.490591060813e+04 
       2.171418798976e-02       2.485659957445e+04 
       2.184656871521e-02       2.480647089264e+04 
       2.197903786149e-02       2.475546147218e+04 
       2.211159719732e-02       2.470363479872e+04 
       2.224424853420e-02       2.465098953253e+04 
       2.237699372737e-02       2.459758955488e+04 
       2.250983467684e-02       2.454340066545e+04 
       2.264277332848e-02       2.448846295783e+04 
       2.277581167509e-02       2.443273295592e+04 
       2.290895175753e-02       2.437632454137e+04 
       2.304219566589e-02       2.431916286637e+04 
       2.317554554068e-02       2.426129645773e+04 
       2.330900357409e-02       2.420278480260e+04 
       2.344257201125e-02       2.414361715385e+04 
       2.357625315154e-02       2.408370637394e+04 
       2.371004934995e-02       2.402322274638e+04 
       2.384396301850e-02       2.396212299754e+04 
       2.397799662768e-02       2.390037453525e+04 
       2.411215270793e-02       2.383804887839e+04 
       2.424643385119e-02       2.377513830398e+04 
       2.438084271249e-02       2.371161258862e+04 
       2.451538201158e-02       2.364756494729e+04 
       2.465005453465e-02       2.358300581140e+04 
       2.478486313605e-02       2.351787111422e+04 
       2.491981074014e-02       2.345223171173e+04 
       2.505490034309e-02       2.338611015152e+04 
       2.519013501487e-02       2.331948112522e+04 
       2.532551790123e-02       2.325237047181e+04 
       2.546105222573e-02       2.318482890710e+04 
       2.559674129190e-02       2.311678359265e+04 
       2.573258848543e-02       2.304831469207e+04 
       2.586859727644e-02       2.297939291921e+04 
       2.600477122184e-02       2.291006907223e+04 
       2.614111396777e-02       2.284035244816e+04 
       2.627762925208e-02       2.277027089677e+04 
       2.641432090701e-02       2.269981729458e+04 
       2.655119286181e-02       2.262899216169e+04 
       2.668824914557e-02       2.255767940722e+04 
       2.682549389013e-02       2.248611828320e+04 
       2.696293133301e-02       2.241427077633e+04 
       2.710056582058e-02       2.234198566551e+04 
       2.723840181125e-02       2.226950610340e+04 
       2.737644387877e-02       2.219661029441e+04 
       2.751469671573e-02       2.212351064603e+04 
       2.765316513712e-02       2.205009473114e+04 
       2.779185408404e-02       2.197641143882e+04 
       2.793076862755e-02       2.190244085011e+04 
       2.806991397270e-02       2.182825084446e+04 
       2.820929546263e-02       2.175374058223e+04 
       2.834891858292e-02       2.167906579159e+04 
       2.848878896605e-02       2.160418971828e+04 
       2.862891239604e-02       2.152903686215e+04 
       2.876929481331e-02       2.145370467957e+04 
       2.890994231968e-02       2.137817320671e+04 
       2.905086118359e-02       2.130244394632e+04 
       2.919205784553e-02       2.122657595862e+04 
       2.933353892373e-02       2.115048911092e+04 
       2.947531121999e-02       2.107427617990e+04 
       2.961738172582e-02       2.099783927418e+04 
       2.975975762885e-02       2.092129515379e+04 
       2.990244631940e-02       2.084462870014e+04 
       3.004545539748e-02       2.076779853182e+04 
       3.018879267998e-02       2.069082351420e+04 
       3.033246620817e-02       2.061380556320e+04 
       3.047648425559e-02       2.053663141314e+04 
       3.062085533619e-02       2.045934662966e+04 
       3.076558821298e-02       2.038197225169e+04 
       3.091069190684e-02       2.030447034580e+04 
       3.105617570595e-02       2.022698169138e+04 
       3.120204917551e-02       2.014931241776e+04 
       3.134832216792e-02       2.007162581016e+04 
       3.149500483349e-02       1.999381796098e+04 
       3.164210763155e-02       1.991601774654e+04 
       3.178964134219e-02       1.983813558408e+04 
       3.193761707845e-02       1.976021983600e+04 
       3.208604629920e-02       1.968223146769e+04 
       3.223494082250e-02       1.960428492018e+04 
       3.238431283977e-02       1.952620604030e+04 
       3.253417493054e-02       1.944812856417e+04 
       3.268454007798e-02       1.937000683320e+04 
       3.283542168519e-02       1.929191352299e+04 
       3.298683359234e-02       1.921379056645e+04 
       3.313879009463e-02       1.913566025125e+04 
       3.329130596128e-02       1.905751405026e+04 
       3.344439645541e-02       1.897940514299e+04 
       3.359807735498e-02       1.890124260201e+04 
       3.375236497494e-02       1.882306562481e+04 
       3.390727619044e-02       1.874495810800e+04 
       3.406282846142e-02       1.866688355930e+04 
       3.421903985845e-02       1.858874659152e+04 
       3.437592909012e-02       1.851067809847e+04 
       3.453351553185e-02       1.843263313623e+04 
       3.469181925643e-02       1.835461402488e+04 
       3.485086106628e-02       1.827655104888e+04 
       3.501066252758e-02       1.819858566312e+04 
       3.517124600642e-02       1.812068815630e+04 
       3.533263470712e-02       1.804276209658e+04 
       3.549485271282e-02       1.796488118298e+04 
       3.565792502853e-02       1.788701081342e+04 
       3.582187762692e-02       1.780919726652e+04 
       3.598673749689e-02       1.773143326985e+04 
       3.615253269521e-02       1.765371046113e+04 
       3.631929240152e-02       1.757602271500e+04 
       3.648704697683e-02       1.749835147275e+04 
       3.665582802590e-02       1.742077547023e+04 
       3.682566846372e-02       1.734313690911e+04 
       3.699660258653e-02       1.726566745560e+04 
       3.716866614763e-02       1.718816588373e+04 
       3.734189643842e-02       1.711070492985e+04 
       3.751633237520e-02       1.703327974064e+04 
       3.769201459196e-02       1.695592790087e+04 
       3.786898554009e-02       1.687858514947e+04 
       3.804728959511e-02       1.680130089453e+04 
       3.822697317151e-02       1.672398907514e+04 
       3.840808484609e-02       1.664679641101e+04 
       3.859067549070e-02       1.656952682878e+04 
       3.877479841532e-02       1.649231108931e+04 
       3.896050952229e-02       1.641517853443e+04 
       3.914786747281e-02       1.633801872293e+04 
       3.933693386699e-02       1.626090047037e+04 
       3.952777343861e-02       1.618376203712e+04 
       3.972045426614e-02       1.610664731428e+04 
       3.991504800168e-02       1.602957783410e+04 
       4.011163011960e-02       1.595240834335e+04 
       4.031028018693e-02       1.587533669615e+04 
       4.051108215789e-02       1.579816397748e+04 
       4.071412469500e-02       1.572101799776e+04 
       4.091950151987e-02       1.564380687818e+04 
       4.112731179681e-02       1.556664311191e+04 
       4.133766055307e-02       1.548935530903e+04 
       4.155065913989e-02       1.541207805737e+04 
       4.176642573921e-02       1.533467861892e+04 
       4.198508592138e-02       1.525727861478e+04 
       4.220677326025e-02       1.517970033231e+04 
       4.243163001263e-02       1.510214679529e+04 
       4.265980787027e-02       1.502445320552e+04 
       4.289146879383e-02       1.494659551612e+04 
       4.312678593948e-02       1.486867720398e+04 
       4.336594469068e-02       1.479057335070e+04 
       4.360914380948e-02       1.471236055601e+04 
       4.385659672413e-02       1.463388976938e+04 
       4.410853297238e-02       1.455534849561e+04 
       4.436519982337e-02       1.447649874104e+04 
       4.462686410454e-02       1.439747649597e+04 
       4.489381426508e-02       1.431818568469e+04 
       4.516636271268e-02       1.423866051440e+04 
       4.544484846730e-02       1.415882490223e+04 
       4.572964018381e-02       1.407857411912e+04 
       4.602113960524e-02       1.399802506131e+04 
       4.631978552054e-02       1.391713130402e+04 
       4.662605831547e-02       1.383575865496e+04 
       4.694048522361e-02       1.375393511851e+04 
       4.726364640676e-02       1.367163490126e+04 
       4.759618202205e-02       1.358876386425e+04 
       4.793880046748e-02       1.350531655228e+04 
       4.829228804130e-02       1.342120139284e+04 
       4.865752030457e-02       1.333636874389e+04 
       4.903547550500e-02       1.325078309394e+04 
       4.942725050663e-02       1.316428633859e+04 
       4.983407977953e-02       1.307687860840e+04 
       5.025735814374e-02       1.298844847533e+04 
       5.069866813899e-02       1.289880370905e+04 
       5.115981311921e-02       1.280786509199e+04 
       5.164285745892e-02       1.271555648827e+04 
       5.215017562529e-02       1.262155835882e+04 
       5.268451232913e-02       1.252579510521e+04 
       5.324905653774e-02       1.242795296330e+04 
       5.384753281695e-02       1.232774906225e+04 
       5.448431425196e-02       1.222481126241e+04 
       5.516456200270e-02       1.211871173565e+04 
       5.589439718344e-02       1.200893719694e+04 
       5.668111077767e-02       1.189471689879e+04 
       5.753341578297e-02       1.177522805075e+04 
       5.846174089572e-02       1.164925760745e+04 
       5.947855335504e-02       1.151528342567e+04 
       6.059867404389e-02       1.137129796635e+04 
       6.183950118527e-02       1.121463924328e+04 
       6.322097849539e-02       1.104165524251e+04 
       6.476502493006e-02       1.084769434049e+04 
       6.649401639430e-02       1.062683015879e+04 
       6.842789527923e-02       1.037207846196e+04 
       7.057983641904e-02       1.007607389601e+04 
       7.295136933115e-02       9.732856773367e+03 
       7.552915210605e-02       9.340145359048e+03 
       7.828587126602e-02       8.901696572754e+03 
       8.118571868208e-02       8.428155200895e+03 
       8.419182742252e-02       7.935830561320e+03 
       8.727210261540e-02       7.443800178210e+03 
       9.040177662246e-02       6.970713196031e+03 
       9.356328403107e-02       6.532200800246e+03 
       9.674485736621e-02       6.139364093731e+03 
       9.993890107080e-02       5.798261462105e+03 
       1.031406269996e-01       5.510161121250e+03 
       1.063470609725e-01       5.272189906110e+03 
       1.095563722437e-01       5.078283240751e+03 
       1.127674400721e-01       4.920098383761e+03 
       1.159795805810e-01       4.787993336982e+03 
       1.191923772154e-01       4.671947412785e+03 
       1.224055764572e-01       4.562402847593e+03 
       1.256190240290e-01       4.451151110724e+03 
       1.288326259954e-01       4.331949926139e+03 
       1.320463250920e-01       4.200986824658e+03 
       1.352600863373e-01       4.057032557152e+03 
       1.384738882925e-01       3.901266126177e+03 
       1.416877177545e-01       3.736811046892e+03 
       1.449015665335e-01       3.568106078479e+03 
       1.481154294955e-01       3.400181056176e+03 
       1.513293033745e-01       3.237995661005e+03 
       1.545431860489e-01       3.085875232514e+03 
       1.577570761033e-01       2.947128551051e+03 
       1.609709725598e-01       2.823831555151e+03 
       1.641848747154e-01       2.716762721891e+03 
       1.673987820418e-01       2.625504506969e+03 
       1.706126941245e-01       2.548582488349e+03 
       1.738266106241e-01       2.483728267796e+03 
       1.770405312538e-01       2.428150482005e+03 
       1.802544557635e-01       2.378800378691e+03 
       1.834683839314e-01       2.332847776043e+03 
       1.866823155567e-01       2.287849586658e+03 
       1.898962504565e-01       2.241013852525e+03 
       1.931101884622e-01       2.190700463284e+03 
       1.963241294179e-01       2.136070303217e+03 
       1.995380731784e-01       2.077069954221e+03 
       2.027520196084e-01       2.014379969777e+03 
       2.059659685817e-01       1.949222896718e+03 
       2.091799199797e-01       1.883133197053e+03 
       2.123938736913e-01       1.817718398328e+03 
       2.156078296123e-01       1.754485940305e+03 
       2.188217876444e-01       1.694678232082e+03 
       2.220357476953e-01       1.639223848450e+03 
       2.252497096781e-01       1.588704867364e+03 
       2.284636735104e-01       1.543344746691e+03 
       2.316776391149e-01       1.503050028156e+03 
       2.348916064182e-01       1.467414792857e+03 
       2.381055753512e-01       1.435785193955e+03 
       2.413195458483e-01       1.407312957590e+03 
       2.445335178474e-01       1.381050070770e+03 
       2.477474912897e-01       1.356040652550e+03 
       2.509614661193e-01       1.331423145165e+03 
       2.541754422834e-01       1.306497097304e+03 
       2.573894197316e-01       1.280770651461e+03 
       2.606033984161e-01       1.253977686632e+03 
       2.638173782915e-01       1.226068858055e+03 
       2.670313593145e-01       1.197164796286e+03 
       2.702453414439e-01       1.167572038996e+03 
       2.734593246404e-01       1.137692363462e+03 
       2.766733088668e-01       1.107993727510e+03 
       2.798872940872e-01       1.078974287317e+03 
       2.831012802677e-01       1.051080663791e+03 
       2.863152673758e-01       1.024677317966e+03 
       2.895292553803e-01       1.000001241581e+03 
       2.927432442516e-01       9.771517805503e+02 
       2.959572339613e-01       9.561054686932e+02 
       2.991712244822e-01       9.367192131860e+02 
       3.023852157884e-01       9.187788086089e+02 
       3.055992078549e-01       9.020234465871e+02 
       3.088132006579e-01       8.861698683232e+02 
       3.120271941744e-01       8.709347922004e+02 
       3.152411883827e-01       8.560503957466e+02 
       3.184551832615e-01       8.412841750799e+02 
       3.216691787907e-01       8.264575953471e+02 
       3.248831749509e-01       8.114532878085e+02 
       3.280971717235e-01       7.962286279723e+02 
       3.313111690906e-01       7.808123809892e+02 
       3.345251670349e-01       7.652866619877e+02 
       3.377391655400e-01       7.497805296977e+02 
       3.409531645897e-01       7.344283155212e+02 
       3.441671641690e-01       7.193681509382e+02 
       3.473811642628e-01       7.047271437842e+02 
       3.505951648572e-01       6.906052186675e+02 
       3.538091659382e-01       6.770795467781e+02 
       3.570231674929e-01       6.642014818773e+02 
       3.602371695083e-01       6.519892155277e+02 
       3.634511719723e-01       6.404187177550e+02 
       3.666651748729e-01       6.294419451796e+02 
       3.698791781988e-01       6.189745999773e+02 
       3.730931819390e-01       6.089252135842e+02 
       3.763071860827e-01       5.991906473127e+02 
       3.795211906196e-01       5.896814854447e+02 
       3.827351955399e-01       5.803224451701e+02 
       3.859492008339e-01       5.710612009820e+02 
       3.891632064923e-01       5.618634173171e+02 
       3.923772125060e-01       5.527089744391e+02 
       3.955912188665e-01       5.435987508708e+02 
       3.988052255653e-01       5.345397336539e+02 
       4.020192325943e-01       5.255549872834e+02 
       4.052332399455e-01       5.166752736298e+02 
       4.084472476114e-01       5.079415646462e+02 
       4.116612555844e-01       4.993922574505e+02 
       4.148752638576e-01       4.910630787481e+02 
       4.180892724238e-01       4.829760024110e+02 
       4.213032812765e-01       4.751454489071e+02 
       4.245172904089e-01       4.675723914247e+02 
       4.277312998150e-01       4.602523207355e+02 
       4.309453094883e-01       4.531696961308e+02 
       4.341593194231e-01       4.463121572958e+02 
       4.373733296136e-01       4.396642663740e+02 
       4.405873400540e-01       4.332023451737e+02 
       4.438013507391e-01       4.269046387186e+02 
       4.470153616634e-01       4.207432731595e+02 
       4.502293728218e-01       4.146922636572e+02 
       4.534433842094e-01       4.087327775227e+02 
       4.566573958212e-01       4.028475539385e+02 
       4.598714076526e-01       3.970303202772e+02 
       4.630854196990e-01       3.912799569393e+02 
       4.662994319559e-01       3.856014909928e+02 
       4.695134444190e-01       3.800003264305e+02 
       4.727274570840e-01       3.744797690066e+02 
       4.759414699469e-01       3.690499032466e+02 
       4.791554830036e-01       3.637188488037e+02 
       4.823694962503e-01       3.584958771060e+02 
       4.855835096832e-01       3.533890222393e+02 
       4.887975232986e-01       3.484080415514e+02 
       4.920115370929e-01       3.435553227284e+02 
       4.952255510626e-01       3.388322484379e+02 
       4.984395652043e-01       3.342304414748e+02 
       5.016535795147e-01       3.297423882693e+02 
       5.048675939906e-01       3.253564490829e+02 
       5.080816086288e-01       3.210601157747e+02 
       5.112956234262e-01       3.168483276275e+02 
       5.145096383799e-01       3.127105028292e+02 
       5.177236534869e-01       3.086438292633e+02 
       5.209376687445e-01       3.046385425975e+02 
       5.241516841497e-01       3.006931413596e+02 
       5.273656996999e-01       2.968003267288e+02 
       5.305797153924e-01       2.929614989311e+02 
       5.337937312248e-01       2.891748050828e+02 
       5.370077471944e-01       2.854453073608e+02 
       5.402217632988e-01       2.817756110478e+02 
       5.434357795356e-01       2.781724591085e+02 
       5.466497959025e-01       2.746357907281e+02 
       5.498638123971e-01       2.711663011103e+02 
       5.530778290173e-01       2.677632531828e+02 
       5.562918457608e-01       2.644248904909e+02 
       5.595058626256e-01       2.611498017753e+02 
       5.627198796095e-01       2.579374239937e+02 
       5.659338967105e-01       2.547883410941e+02 
       5.691479139266e-01       2.516997484015e+02 
       5.723619312559e-01       2.486703324126e+02 
       5.755759486965e-01       2.456948066988e+02 
       5.787899662465e-01       2.427696834214e+02 
       5.820039839041e-01       2.398908456335e+02 
       5.852180016675e-01       2.370559552141e+02 
       5.884320195349e-01       2.342640935119e+02 
       5.916460375048e-01       2.315158058691e+02 
       5.948600555754e-01       2.288091636482e+02 
       5.980740737450e-01       2.261444825065e+02 
       6.012880920122e-01       2.235195793755e+02 
       6.045021103752e-01       2.209332980687e+02 
       6.077161288327e-01       2.183847352705e+02 
       6.109301473831e-01       2.158744637838e+02 
       6.141441660250e-01       2.134038297862e+02 
       6.173581847569e-01       2.109730603854e+02 
       6.205722035774e-01       2.085847624834e+02 
       6.237862224851e-01       2.062371496590e+02 
       6.270002414787e-01       2.039305967963e+02 
       6.302142605569e-01       2.016605030413e+02 
       6.334282797184e-01       1.994268435337e+02 
       6.366422989620e-01       1.972283909145e+02 
       6.398563182863e-01       1.950646684676e+02 
       6.430703376902e-01       1.929350685639e+02 
       6.462843571724e-01       1.908395827107e+02 
       6.494983767319e-01       1.887766915218e+02 
       6.527123963675e-01       1.867446811142e+02 
       6.559264160780e-01       1.847413130831e+02 
       6.591404358624e-01       1.827656176395e+02 
       6.623544557195e-01       1.808170457583e+02 
       6.655684756483e-01       1.788960483197e+02 
       6.687824956479e-01       1.770034932247e+02 
       6.719965157171e-01       1.751389872046e+02 
       6.752105358549e-01       1.733020903351e+02 
       6.784245560605e-01       1.714922081882e+02 
       6.816385763328e-01       1.697079822781e+02 
       6.848525966709e-01       1.679488068343e+02 
       6.880666170738e-01       1.662144405750e+02 
       6.912806375407e-01       1.645053302668e+02 
       6.944946580706e-01       1.628221369498e+02 
       6.977086786628e-01       1.611644772125e+02 
       7.009226993163e-01       1.595316103454e+02 
       7.041367200303e-01       1.579226581134e+02 
       7.073507408039e-01       1.563359230473e+02 
       7.105647616364e-01       1.547707062505e+02 
       7.137787825270e-01       1.532267570161e+02 
       7.169928034748e-01       1.517042150281e+02 
       7.202068244792e-01       1.502032218748e+02 
       7.234208455393e-01       1.487231019238e+02 
       7.266348666544e-01       1.472638278996e+02 
       7.298488878238e-01       1.458242491779e+02 
       7.330629090468e-01       1.444035610584e+02 
       7.362769303226e-01       1.430010839107e+02 
       7.394909516506e-01       1.416163989863e+02 
       7.427049730301e-01       1.402505691329e+02 
       7.459189944604e-01       1.389034576179e+02 
       7.491330159409e-01       1.375752460429e+02 
       7.523470374710e-01       1.362652652530e+02 
       7.555610590499e-01       1.349728304404e+02 
       8.259711402243e-01       1.104733787320e+02 
       9.280769293847e-01       8.476523877907e+01 
       1.090633934553e+00       5.844729513993e+01 
