# Matter power spectrum P(k) at redshift z=0
# for k=1.04685e-05 to 1.07932 h/Mpc,
# number of wavenumbers equal to 601
#    1:k (h/Mpc)              2:P (Mpc/h)^3        
       1.046849140809e-05       3.654557505131e+05 
       2.344290333290e-05       3.458106055093e+04 
       3.646345031135e-05       1.052119860164e+04 
       4.956567620953e-05       5.062571571648e+03 
       6.278571989140e-05       3.130704633521e+03 
       7.616064213359e-05       2.263403146420e+03 
       8.972876312009e-05       1.815536848777e+03 
       1.035300150666e-04       1.564278561419e+03 
       1.176063145582e-04       1.417507228723e+03 
       1.320019592190e-04       1.331884384154e+03 
       1.467640533345e-04       1.284961049346e+03 
       1.619429669800e-04       1.264148941580e+03 
       1.775928330079e-04       1.261979076737e+03 
       1.937720858397e-04       1.273891857044e+03 
       2.105440452810e-04       1.296928655364e+03 
       2.279775473986e-04       1.329269779531e+03 
       2.461476226662e-04       1.369576004856e+03 
       2.651362188780e-04       1.417122789101e+03 
       2.850329624337e-04       1.471383221158e+03 
       3.059359461624e-04       1.532144125009e+03 
       3.279525244684e-04       1.599329882065e+03 
       3.512000868083e-04       1.672999712529e+03 
       3.758067679555e-04       1.753305654207e+03 
       4.019120379359e-04       1.840542229838e+03 
       4.296670959971e-04       1.935048122029e+03 
       4.592349721928e-04       2.037240123462e+03 
       4.907902187338e-04       2.147598387101e+03 
       5.245180541642e-04       2.266644223599e+03 
       5.606128113638e-04       2.394939489256e+03 
       5.992755419706e-04       2.533063101555e+03 
       6.407106531805e-04       2.681598907353e+03 
       6.851215064256e-04       2.841107820534e+03 
       7.327049973768e-04       3.012113249524e+03 
       7.836452634697e-04       3.195062074193e+03 
       8.381068191921e-04       3.390306749904e+03 
       8.962275784381e-04       3.598072638256e+03 
       9.581123530448e-04       3.818446514237e+03 
       1.023827477408e-03       4.051335175787e+03 
       1.093397167688e-03       4.296474865318e+03 
       1.166802068348e-03       4.553426343245e+03 
       1.243980187374e-03       4.821590177051e+03 
       1.324830123093e-03       5.100220690980e+03 
       1.409216205131e-03       5.381112414559e+03 
       1.496974969451e-03       5.657299049190e+03 
       1.587922298151e-03       5.937380975453e+03 
       1.681860580802e-03       6.220200343239e+03 
       1.778585369508e-03       6.504658817097e+03 
       1.877891163238e-03       6.789700712642e+03 
       1.979576127581e-03       7.074332670695e+03 
       2.083445703585e-03       7.357654498217e+03 
       2.189315168197e-03       7.638876810036e+03 
       2.297011276117e-03       7.917226429528e+03 
       2.406373144121e-03       8.192119860672e+03 
       2.517252543393e-03       8.462940761770e+03 
       2.629513752891e-03       8.729275107853e+03 
       2.743033105250e-03       8.990643437206e+03 
       2.857698332226e-03       9.246753020184e+03 
       2.973407792797e-03       9.497291514173e+03 
       3.090069645929e-03       9.742058415353e+03 
       3.207601012343e-03       9.980815741302e+03 
       3.325927155632e-03       1.021348847567e+04 
       3.444980702313e-03       1.043990757095e+04 
       3.564700912408e-03       1.066003914580e+04 
       3.685033006459e-03       1.087378934041e+04 
       3.805927550848e-03       1.108117079851e+04 
       3.927339900664e-03       1.128215522756e+04 
       4.049229697628e-03       1.147673448896e+04 
       4.171560419590e-03       1.166497844864e+04 
       4.294298977609e-03       1.184688823232e+04 
       4.417415356409e-03       1.202250174851e+04 
       4.540882294077e-03       1.219193056085e+04 
       4.664674997000e-03       1.235519608751e+04 
       4.788770886328e-03       1.251238502253e+04 
       4.913149372509e-03       1.266357076611e+04 
       5.037791654784e-03       1.280886963153e+04 
       5.162680542801e-03       1.294834393149e+04 
       5.287800297841e-03       1.308204823583e+04 
       5.413136491381e-03       1.321017302806e+04 
       5.538675879014e-03       1.333274703323e+04 
       5.664406287936e-03       1.344985575434e+04 
       5.790316516449e-03       1.356166448404e+04 
       5.916396244091e-03       1.366821594067e+04 
       6.042635951187e-03       1.376967604669e+04 
       6.169026846731e-03       1.386605890338e+04 
       6.295560803677e-03       1.395751490102e+04 
       6.422230300795e-03       1.404416844844e+04 
       6.549028370360e-03       1.412602193813e+04 
       6.675948551041e-03       1.420330512294e+04 
       6.802984845400e-03       1.427608087844e+04 
       6.930131681530e-03       1.434431770032e+04 
       7.057383878354e-03       1.440825077032e+04 
       7.184736614224e-03       1.446793496623e+04 
       7.312185398459e-03       1.452338996795e+04 
       7.439726045512e-03       1.457483480021e+04 
       7.567354651505e-03       1.462231055566e+04 
       7.695067572888e-03       1.466583552567e+04 
       7.822861407000e-03       1.470553334792e+04 
       7.950732974349e-03       1.474155573572e+04 
       8.078679302445e-03       1.477387409115e+04 
       8.206697611022e-03       1.480260668911e+04 
       8.334785298529e-03       1.482789785851e+04 
       8.462939929753e-03       1.484977298027e+04 
       8.591159224487e-03       1.486830073340e+04 
       8.719441047124e-03       1.488357550014e+04 
       8.847783397110e-03       1.489568611323e+04 
       8.976184400164e-03       1.490468136569e+04 
       9.104642300204e-03       1.491063450164e+04 
       9.233155451908e-03       1.491362886206e+04 
       9.361722313872e-03       1.491374760288e+04 
       9.490341442280e-03       1.491104109879e+04 
       9.619011485082e-03       1.490556970816e+04 
       9.747731176599e-03       1.489743103421e+04 
       9.876499332552e-03       1.488666560392e+04 
       1.000531484545e-02       1.487333653924e+04 
       1.013417668033e-02       1.485752677057e+04 
       1.026308387080e-02       1.483927469185e+04 
       1.039203551541e-02       1.481868642389e+04 
       1.052103077421e-02       1.479578678527e+04 
       1.065006886565e-02       1.477065409836e+04 
       1.077914906364e-02       1.474330251124e+04 
       1.090827069482e-02       1.471384934122e+04 
       1.103743313607e-02       1.468232164554e+04 
       1.116663581216e-02       1.464877340704e+04 
       1.129587819357e-02       1.461326812924e+04 
       1.142515979446e-02       1.457583442980e+04 
       1.155448017080e-02       1.453655436721e+04 
       1.168383891861e-02       1.449546570156e+04 
       1.181323567237e-02       1.445262615965e+04 
       1.194267010343e-02       1.440806011107e+04 
       1.207214191868e-02       1.436184703912e+04 
       1.220165085921e-02       1.431401690654e+04 
       1.233119669907e-02       1.426461816577e+04 
       1.246077924420e-02       1.421370295122e+04 
       1.259039833132e-02       1.416130166295e+04 
       1.272005382697e-02       1.410747808885e+04 
       1.284974562664e-02       1.405227651509e+04 
       1.297947365388e-02       1.399569506307e+04 
       1.310923785958e-02       1.393782655032e+04 
       1.323903822118e-02       1.387869019863e+04 
       1.336887474209e-02       1.381833413868e+04 
       1.349874745101e-02       1.375678233732e+04 
       1.362865640141e-02       1.369408798507e+04 
       1.375860167099e-02       1.363028089676e+04 
       1.388858336121e-02       1.356540828937e+04 
       1.401860159688e-02       1.349949485160e+04 
       1.414865652573e-02       1.343258474218e+04 
       1.427874831808e-02       1.336469364816e+04 
       1.440887716652e-02       1.329586906609e+04 
       1.453904328559e-02       1.322619048289e+04 
       1.466924691159e-02       1.315561411702e+04 
       1.479948830228e-02       1.308420592856e+04 
       1.492976773673e-02       1.301199250911e+04 
       1.506008551513e-02       1.293901493687e+04 
       1.519044195868e-02       1.286529737084e+04 
       1.532083740943e-02       1.279089715420e+04 
       1.545127223022e-02       1.271582243051e+04 
       1.558174680461e-02       1.264007545212e+04 
       1.571226153681e-02       1.256372303975e+04 
       1.584281685170e-02       1.248677380182e+04 
       1.597341319479e-02       1.240926675129e+04 
       1.610405103226e-02       1.233122578999e+04 
       1.623473085099e-02       1.225266692657e+04 
       1.636545315865e-02       1.217363065512e+04 
       1.649621848373e-02       1.209410971650e+04 
       1.662702737567e-02       1.201419234202e+04 
       1.675788040498e-02       1.193383036015e+04 
       1.688877816336e-02       1.185310840992e+04 
       1.701972126387e-02       1.177199548953e+04 
       1.715071034106e-02       1.169055717491e+04 
       1.728174605121e-02       1.160879324291e+04 
       1.741282907251e-02       1.152674565669e+04 
       1.754396010529e-02       1.144442544604e+04 
       1.767513987222e-02       1.136184968641e+04 
       1.780636911863e-02       1.127902965569e+04 
       1.793764861274e-02       1.119600097857e+04 
       1.806897914596e-02       1.111279004619e+04 
       1.820036153318e-02       1.102941045613e+04 
       1.833179661312e-02       1.094586493764e+04 
       1.846328524865e-02       1.086219382940e+04 
       1.859482832715e-02       1.077841672653e+04 
       1.872642676089e-02       1.069453190376e+04 
       1.885808148739e-02       1.061056977911e+04 
       1.898979346988e-02       1.052655300460e+04 
       1.912156369767e-02       1.044248852462e+04 
       1.925339318662e-02       1.035839763963e+04 
       1.938528297958e-02       1.027429144850e+04 
       1.951723414690e-02       1.019019260271e+04 
       1.964924778691e-02       1.010612295963e+04 
       1.978132502638e-02       1.002208771185e+04 
       1.991346702117e-02       9.938097429191e+03 
       2.004567495665e-02       9.854185680405e+03 
       2.017795004836e-02       9.770340806631e+03 
       2.031029354258e-02       9.686598417845e+03 
       2.044270671692e-02       9.602972038109e+03 
       2.057519088097e-02       9.519450034478e+03 
       2.070774737695e-02       9.436080269554e+03 
       2.084037758038e-02       9.352841111562e+03 
       2.097308290079e-02       9.269774570299e+03 
       2.110586478242e-02       9.186866008441e+03 
       2.123872470496e-02       9.104155491000e+03 
       2.137166418434e-02       9.021641439590e+03 
       2.150468477352e-02       8.939335859254e+03 
       2.163778806327e-02       8.857243104260e+03 
       2.177097568305e-02       8.775378497297e+03 
       2.190424930187e-02       8.693759138096e+03 
       2.203761062915e-02       8.612391767516e+03 
       2.217106141571e-02       8.531272236630e+03 
       2.230460345465e-02       8.450426914599e+03 
       2.243823858241e-02       8.369862144575e+03 
       2.257196867970e-02       8.289588571941e+03 
       2.270579567260e-02       8.209601877674e+03 
       2.283972153363e-02       8.129936602850e+03 
       2.297374828284e-02       8.050565971830e+03 
       2.310787798898e-02       7.971540392119e+03 
       2.324211277066e-02       7.892827935082e+03 
       2.337645479759e-02       7.814456834478e+03 
       2.351090629182e-02       7.736423170005e+03 
       2.364546952903e-02       7.658751141241e+03 
       2.378014683990e-02       7.581428161957e+03 
       2.391494061145e-02       7.504473847717e+03 
       2.404985328850e-02       7.427893493070e+03 
       2.418488737510e-02       7.351690014943e+03 
       2.432004543610e-02       7.275866622146e+03 
       2.445533009864e-02       7.200436039017e+03 
       2.459074405384e-02       7.125403597968e+03 
       2.472629005842e-02       7.050768523763e+03 
       2.486197093642e-02       6.976543276195e+03 
       2.499778958103e-02       6.902721685774e+03 
       2.513374895635e-02       6.829313497134e+03 
       2.526985209934e-02       6.756314255246e+03 
       2.540610212177e-02       6.683786006523e+03 
       2.554250221222e-02       6.611659894124e+03 
       2.567905563821e-02       6.539959216138e+03 
       2.581576574833e-02       6.468696691263e+03 
       2.595263597449e-02       6.397891028036e+03 
       2.608966983422e-02       6.327505542723e+03 
       2.622687093308e-02       6.257598703218e+03 
       2.636424296713e-02       6.188114315909e+03 
       2.650178972545e-02       6.119096916834e+03 
       2.663951509286e-02       6.050540335221e+03 
       2.677742305259e-02       5.982426356523e+03 
       2.691551768916e-02       5.914799444548e+03 
       2.705380319129e-02       5.847626045397e+03 
       2.719228385497e-02       5.780913559780e+03 
       2.733096408661e-02       5.714657258028e+03 
       2.746984840627e-02       5.648910520441e+03 
       2.760894145110e-02       5.583608662880e+03 
       2.774824797880e-02       5.518803305271e+03 
       2.788777287131e-02       5.454454544831e+03 
       2.802752113853e-02       5.390587850463e+03 
       2.816749792229e-02       5.327191332788e+03 
       2.830770850039e-02       5.264281401092e+03 
       2.844815829080e-02       5.201863465598e+03 
       2.858885285609e-02       5.139907202034e+03 
       2.872979790796e-02       5.078419171982e+03 
       2.887099931194e-02       5.017433330458e+03 
       2.901246309235e-02       4.956953743658e+03 
       2.915419543739e-02       4.896931455552e+03 
       2.929620270443e-02       4.837404370027e+03 
       2.943849142560e-02       4.778353105562e+03 
       2.958106831346e-02       4.719784006939e+03 
       2.972394026703e-02       4.661669394380e+03 
       2.986711437803e-02       4.604055137594e+03 
       3.001059793733e-02       4.546961395223e+03 
       3.015439844177e-02       4.490324847582e+03 
       3.029852360114e-02       4.434170021697e+03 
       3.044298134556e-02       4.378510301496e+03 
       3.058777983316e-02       4.323286101754e+03 
       3.073292745804e-02       4.268538794521e+03 
       3.087843285864e-02       4.214310153227e+03 
       3.102430492642e-02       4.160536465809e+03 
       3.117055281498e-02       4.107311560000e+03 
       3.131718594959e-02       4.054486051135e+03 
       3.146421403705e-02       4.002106971461e+03 
       3.161164707616e-02       3.950277643824e+03 
       3.175949536855e-02       3.898869524474e+03 
       3.190776953007e-02       3.847929795206e+03 
       3.205648050266e-02       3.797430057034e+03 
       3.220563956689e-02       3.747469703120e+03 
       3.235525835496e-02       3.697951025873e+03 
       3.250534886444e-02       3.648871704067e+03 
       3.265592347266e-02       3.600231165208e+03 
       3.280699495172e-02       3.552104377454e+03 
       3.295857648437e-02       3.504357544914e+03 
       3.311068168063e-02       3.457161910423e+03 
       3.326332459524e-02       3.410353869894e+03 
       3.341651974602e-02       3.363976035381e+03 
       3.357028213319e-02       3.318085628714e+03 
       3.372462725969e-02       3.272606264104e+03 
       3.387957115258e-02       3.227579029121e+03 
       3.403513038558e-02       3.183008739204e+03 
       3.419132210281e-02       3.138893947443e+03 
       3.434816404389e-02       3.095186626943e+03 
       3.450567457032e-02       3.051895359609e+03 
       3.466387269341e-02       3.009016163072e+03 
       3.482277810380e-02       2.966602360450e+03 
       3.498241120258e-02       2.924595086767e+03 
       3.514279313426e-02       2.883002835543e+03 
       3.530394582169e-02       2.841843608279e+03 
       3.546589200297e-02       2.801124348829e+03 
       3.562865527060e-02       2.760761261831e+03 
       3.579226011305e-02       2.720786792677e+03 
       3.595673195871e-02       2.681285930295e+03 
       3.612209722277e-02       2.642136198853e+03 
       3.628838335687e-02       2.603373137436e+03 
       3.645561890196e-02       2.565036822119e+03 
       3.662383354454e-02       2.527071917148e+03 
       3.679305817662e-02       2.489494950432e+03 
       3.696332495946e-02       2.452312315071e+03 
       3.713466739176e-02       2.415525137320e+03 
       3.730712038233e-02       2.379082243095e+03 
       3.748072032773e-02       2.343033950422e+03 
       3.765550519536e-02       2.307342959825e+03 
       3.783151461234e-02       2.272008913965e+03 
       3.800878996073e-02       2.237048669702e+03 
       3.818737447964e-02       2.202454993295e+03 
       3.836731337478e-02       2.168195578622e+03 
       3.854865393623e-02       2.134299701668e+03 
       3.873144566494e-02       2.100734451804e+03 
       3.891574040909e-02       2.067527618466e+03 
       3.910159251086e-02       2.034655802722e+03 
       3.928905896483e-02       2.002123307508e+03 
       3.947819958908e-02       1.969916377944e+03 
       3.966907721009e-02       1.938026493285e+03 
       3.986175786298e-02       1.906467604630e+03 
       4.005631100842e-02       1.875226036473e+03 
       4.025280976812e-02       1.844291617441e+03 
       4.045133118057e-02       1.813665854122e+03 
       4.065195647939e-02       1.783363756293e+03 
       4.085477139645e-02       1.753329568598e+03 
       4.105986649264e-02       1.723595836433e+03 
       4.126733751924e-02       1.694166268101e+03 
       4.147728581327e-02       1.665010222264e+03 
       4.168981873081e-02       1.636146598308e+03 
       4.190505012252e-02       1.607546474212e+03 
       4.212310085654e-02       1.579224203125e+03 
       4.234409939426e-02       1.551158082070e+03 
       4.256818242556e-02       1.523366390223e+03 
       4.279549557094e-02       1.495815319326e+03 
       4.302619415888e-02       1.468513541829e+03 
       4.326044408851e-02       1.441460975475e+03 
       4.349842278842e-02       1.414631514958e+03 
       4.374032028508e-02       1.388036428888e+03 
       4.398634039554e-02       1.361669296381e+03 
       4.423670206220e-02       1.335514515882e+03 
       4.449164084984e-02       1.309568631272e+03 
       4.475141062896e-02       1.283834059449e+03 
       4.501628547313e-02       1.258276708337e+03 
       4.528656180344e-02       1.232916356904e+03 
       4.556256081871e-02       1.207721964207e+03 
       4.584463125746e-02       1.182702205573e+03 
       4.613315254607e-02       1.157836547373e+03 
       4.642853839839e-02       1.133122466805e+03 
       4.673124094459e-02       1.108530835541e+03 
       4.704175548293e-02       1.084071719498e+03 
       4.736062596734e-02       1.059716606628e+03 
       4.768845136776e-02       1.035464908404e+03 
       4.802589306972e-02       1.011299529924e+03 
       4.837368351651e-02       9.871765419266e+02 
       4.873263634367e-02       9.631063099432e+02 
       4.910365831340e-02       9.390622975253e+02 
       4.948776342966e-02       9.150183468058e+02 
       4.988608970742e-02       8.909493659601e+02 
       5.029991918682e-02       8.668241303190e+02 
       5.073070193280e-02       8.426122842379e+02 
       5.118008495113e-02       8.182702078657e+02 
       5.164994719479e-02       7.937533433053e+02 
       5.214244214378e-02       7.690196724976e+02 
       5.266004983246e-02       7.440087753481e+02 
       5.320564068855e-02       7.186477260562e+02 
       5.378255415092e-02       6.928527297695e+02 
       5.439469575080e-02       6.665378284323e+02 
       5.504665714576e-02       6.395796733236e+02 
       5.574386438888e-02       6.118429994654e+02 
       5.649276025419e-02       5.831622281955e+02 
       5.730102618202e-02       5.533370681131e+02 
       5.817784724415e-02       5.221278721861e+02 
       5.913421727998e-02       4.892481363488e+02 
       6.018326700056e-02       4.543602492807e+02 
       6.134056850684e-02       4.170815254301e+02 
       6.262431502106e-02       3.770075853467e+02 
       6.405518353025e-02       3.337735712140e+02 
       6.565556109213e-02       2.871706346629e+02 
       6.744769999035e-02       2.373691494354e+02 
       6.945041702124e-02       1.852672036004e+02 
       7.167445058314e-02       1.328909059622e+02 
       7.411771741605e-02       8.366064050230e+01 
       7.676292013742e-02       4.216978915808e+01 
       7.957970971400e-02       1.324383200153e+01 
       8.253104882156e-02       4.764780666868e-01 
       8.558059157249e-02       4.949835415904e+00 
       8.869777121667e-02       2.479012567762e+01 
       9.185957037918e-02       5.572202738018e+01 
       9.504993610559e-02       9.229508854991e+01 
       9.825823226781e-02       1.292471867360e+02 
       1.014776419754e-01       1.625797022951e+02 
       1.047038869928e-01       1.901032679651e+02 
       1.079343171607e-01       2.114648685654e+02 
       1.111673039132e-01       2.277712622040e+02 
       1.144018512786e-01       2.410541789121e+02 
       1.176373518663e-01       2.537325532259e+02 
       1.208734358221e-01       2.682071248530e+02 
       1.241098780749e-01       2.865913460709e+02 
       1.273465416528e-01       3.105543433980e+02 
       1.305833431415e-01       3.412162807853e+02 
       1.338202316717e-01       3.790521591829e+02 
       1.370571761504e-01       4.237953520802e+02 
       1.402941575045e-01       4.743938084060e+02 
       1.435311639722e-01       5.290406388922e+02 
       1.467681882430e-01       5.853155385751e+02 
       1.500052257215e-01       6.404662063038e+02 
       1.532422734722e-01       6.917530976875e+02 
       1.564793295783e-01       7.368276957655e+02 
       1.597163927518e-01       7.740554183523e+02 
       1.629534620956e-01       8.027215272218e+02 
       1.661905369585e-01       8.230762306222e+02 
       1.694276168463e-01       8.362444679171e+02 
       1.726647013674e-01       8.439872636313e+02 
       1.759017901991e-01       8.484361305921e+02 
       1.791388830661e-01       8.517993441164e+02 
       1.823759797278e-01       8.561151923618e+02 
       1.856130799694e-01       8.629028921654e+02 
       1.888501835963e-01       8.734850573786e+02 
       1.920872904306e-01       8.887473331398e+02 
       1.953244003082e-01       9.088564095755e+02 
       1.985615130771e-01       9.334427792311e+02 
       2.017986285958e-01       9.616436335069e+02 
       2.050357467324e-01       9.922232073064e+02 
       2.082728673634e-01       1.023723334608e+03 
       2.115099903731e-01       1.054622518623e+03 
       2.147471156530e-01       1.083531556670e+03 
       2.179842431010e-01       1.109302228875e+03 
       2.212213726214e-01       1.131129673210e+03 
       2.244585041236e-01       1.148583273428e+03 
       2.276956375227e-01       1.161614776144e+03 
       2.309327727382e-01       1.170529554766e+03 
       2.341699096942e-01       1.175938801554e+03 
       2.374070483192e-01       1.178719015326e+03 
       2.406441885453e-01       1.179888965336e+03 
       2.438813303083e-01       1.180517238812e+03 
       2.471184735475e-01       1.181583580073e+03 
       2.503556182051e-01       1.183914783878e+03 
       2.535927642266e-01       1.188070568035e+03 
       2.568299115600e-01       1.194383052447e+03 
       2.600670601561e-01       1.202876761333e+03 
       2.633042099679e-01       1.213358857438e+03 
       2.665413609510e-01       1.225462655267e+03 
       2.697785130630e-01       1.238649341259e+03 
       2.730156662633e-01       1.252308179255e+03 
       2.762528205136e-01       1.265785861638e+03 
       2.794899757771e-01       1.278432213463e+03 
       2.827271320189e-01       1.289701483132e+03 
       2.859642892056e-01       1.299188683218e+03 
       2.892014473051e-01       1.306663748923e+03 
       2.924386062871e-01       1.312101869947e+03 
       2.956757661225e-01       1.315673509295e+03 
       2.989129267832e-01       1.317685255041e+03 
       3.021500882428e-01       1.318532130444e+03 
       3.053872504755e-01       1.318644023547e+03 
       3.086244134571e-01       1.318444042055e+03 
       3.118615771639e-01       1.318315732594e+03 
       3.150987415737e-01       1.318579546739e+03 
       3.183359066647e-01       1.319498668491e+03 
       3.215730724164e-01       1.321236619453e+03 
       3.248102388089e-01       1.323816150999e+03 
       3.280474058231e-01       1.327221063552e+03 
       3.312845734407e-01       1.331291586257e+03 
       3.345217416441e-01       1.335807805977e+03 
       3.377589104164e-01       1.340512289654e+03 
       3.409960797413e-01       1.345139055090e+03 
       3.442332496032e-01       1.349452081864e+03 
       3.474704199869e-01       1.353268421837e+03 
       3.507075908779e-01       1.356419932242e+03 
       3.539447622624e-01       1.358819151941e+03 
       3.571819341267e-01       1.360446262477e+03 
       3.604191064579e-01       1.361319786106e+03 
       3.636562792435e-01       1.361513299560e+03 
       3.668934524714e-01       1.361156394776e+03 
       3.701306261299e-01       1.360412198194e+03 
       3.733678002079e-01       1.359461117968e+03 
       3.766049746943e-01       1.358471369276e+03 
       3.798421495788e-01       1.357586383665e+03 
       3.830793248513e-01       1.356903796354e+03 
       3.863165005018e-01       1.356477275002e+03 
       3.895536765210e-01       1.356318519689e+03 
       3.927908528997e-01       1.356410524123e+03 
       3.960280296290e-01       1.356713613609e+03 
       3.992652067004e-01       1.357171803558e+03 
       4.025023841056e-01       1.357715242974e+03 
       4.057395618366e-01       1.358263029539e+03 
       4.089767398856e-01       1.358727854268e+03 
       4.122139182451e-01       1.359028776140e+03 
       4.154510969078e-01       1.359103934565e+03 
       4.186882758666e-01       1.358911702280e+03 
       4.219254551147e-01       1.358440461831e+03 
       4.251626346455e-01       1.357701516302e+03 
       4.283998144526e-01       1.356723672297e+03 
       4.316369945296e-01       1.355533830745e+03 
       4.348741748706e-01       1.354171899872e+03 
       4.381113554696e-01       1.352675896140e+03 
       4.413485363210e-01       1.351085975912e+03 
       4.445857174193e-01       1.349447519147e+03 
       4.478228987590e-01       1.347803175312e+03 
       4.510600803350e-01       1.346201364360e+03 
       4.542972621422e-01       1.344667681964e+03 
       4.575344441756e-01       1.343221097943e+03 
       4.607716264305e-01       1.341861888598e+03 
       4.640088089022e-01       1.340560445896e+03 
       4.672459915862e-01       1.339307569805e+03 
       4.704831744781e-01       1.338068991019e+03 
       4.737203575737e-01       1.336821378451e+03 
       4.769575408687e-01       1.335542387109e+03 
       4.801947243591e-01       1.334208728952e+03 
       4.834319080410e-01       1.332797529695e+03 
       4.866690919105e-01       1.331292897006e+03 
       4.899062759640e-01       1.329670021369e+03 
       4.931434601977e-01       1.327926104296e+03 
       4.963806446082e-01       1.326068083989e+03 
       4.996178291920e-01       1.324112563545e+03 
       5.028550139457e-01       1.322074891895e+03 
       5.060921988660e-01       1.320005434245e+03 
       5.093293839499e-01       1.317918697533e+03 
       5.125665691941e-01       1.315823078319e+03 
       5.158037545957e-01       1.313734230328e+03 
       5.190409401516e-01       1.311657350244e+03 
       5.222781258591e-01       1.309599798771e+03 
       5.255153117152e-01       1.307565736212e+03 
       5.287524977174e-01       1.305556198964e+03 
       5.319896838628e-01       1.303570474830e+03 
       5.352268701489e-01       1.301596817563e+03 
       5.384640565731e-01       1.299621330444e+03 
       5.417012431330e-01       1.297629157690e+03 
       5.449384298261e-01       1.295606805174e+03 
       5.481756166500e-01       1.293545902286e+03 
       5.514128036025e-01       1.291447768822e+03 
       5.546499906813e-01       1.289325503528e+03 
       5.578871778842e-01       1.287157046474e+03 
       5.611243652090e-01       1.284964748802e+03 
       5.643615526537e-01       1.282733200653e+03 
       5.675987402161e-01       1.280493583178e+03 
       5.708359278943e-01       1.278216523589e+03 
       5.740731156863e-01       1.275918912197e+03 
       5.773103035901e-01       1.273611977132e+03 
       5.805474916040e-01       1.271297726119e+03 
       5.837846797260e-01       1.268989330373e+03 
       5.870218679544e-01       1.266689966281e+03 
       5.902590562874e-01       1.264394462485e+03 
       5.934962447234e-01       1.262102469583e+03 
       5.967334332605e-01       1.259810063581e+03 
       5.999706218972e-01       1.257517102855e+03 
       6.032078106319e-01       1.255225149560e+03 
       6.064449994630e-01       1.252935335664e+03 
       6.096821883890e-01       1.250643218772e+03 
       6.129193774083e-01       1.248354132162e+03 
       6.161565665195e-01       1.246058199099e+03 
       6.193937557211e-01       1.243735738875e+03 
       6.226309450117e-01       1.241410805337e+03 
       6.258681343900e-01       1.239069536898e+03 
       6.291053238545e-01       1.236715475512e+03 
       6.323425134040e-01       1.234353387377e+03 
       6.355797030372e-01       1.231986654991e+03 
       6.388168927527e-01       1.229626729923e+03 
       6.420540825493e-01       1.227256253199e+03 
       6.452912724259e-01       1.224881910129e+03 
       6.485284623811e-01       1.222508813725e+03 
       6.517656524139e-01       1.220127901968e+03 
       6.550028425230e-01       1.217750058365e+03 
       6.582400327074e-01       1.215371259172e+03 
       6.614772229659e-01       1.213010080016e+03 
       6.647144132975e-01       1.210649978353e+03 
       6.679516037010e-01       1.208295096345e+03 
       6.711887941755e-01       1.205948840663e+03 
       6.744259847199e-01       1.203580263535e+03 
       6.776631753332e-01       1.201221251802e+03 
       6.809003660145e-01       1.198861568404e+03 
       6.841375567627e-01       1.196513146374e+03 
       6.873747475769e-01       1.194158967174e+03 
       6.906119384562e-01       1.191807177105e+03 
       6.938491293997e-01       1.189456768238e+03 
       6.970863204064e-01       1.187102333794e+03 
       7.003235114756e-01       1.184743829896e+03 
       7.035607026062e-01       1.182381723112e+03 
       7.067978937976e-01       1.180020659523e+03 
       7.100350850488e-01       1.177664135183e+03 
       7.132722763590e-01       1.175313257706e+03 
       7.165094677275e-01       1.172966421726e+03 
       7.197466591534e-01       1.170624394493e+03 
       7.229838506360e-01       1.168284686336e+03 
       7.262210421745e-01       1.165945710570e+03 
       7.294582337682e-01       1.163609522043e+03 
       7.326954254163e-01       1.161276499118e+03 
       7.359326171181e-01       1.158950400098e+03 
       7.391698088729e-01       1.156631293254e+03 
       7.424070006800e-01       1.154318173883e+03 
       7.456441925388e-01       1.152008781526e+03 
       7.488813844485e-01       1.149701018135e+03 
       7.521185764085e-01       1.147392820388e+03 
       7.553557684182e-01       1.145086369878e+03 
       8.241622972739e-01       1.097178039748e+03 
       9.230252766235e-01       1.032554185599e+03 
       1.079317318342e+00       9.414007081843e+02 
