# Matter power spectrum P(k) at redshift z=0
# for k=1.04685e-05 to 10.5321 h/Mpc,
# number of wavenumbers equal to 611
#    1:k (h/Mpc)              2:P (Mpc/h)^3        
       1.046849140809e-05       5.220033817183e+01 
       2.344290333290e-05       1.133590575667e+02 
       3.646345031135e-05       1.733745133506e+02 
       4.956567620953e-05       2.329256991632e+02 
       6.278571989140e-05       2.923950356743e+02 
       7.616064213359e-05       3.520670174066e+02 
       8.972876312009e-05       4.121836461764e+02 
       1.035300150666e-04       4.729670820469e+02 
       1.176063145582e-04       5.346312091324e+02 
       1.320019592190e-04       5.973886088349e+02 
       1.467640533345e-04       6.614553840410e+02 
       1.619429669800e-04       7.270548914564e+02 
       1.775928330079e-04       7.944209232463e+02 
       1.937720858397e-04       8.638005945907e+02 
       2.105440452810e-04       9.354571139484e+02 
       2.279775473986e-04       1.009672501009e+03 
       2.461476226662e-04       1.086750325895e+03 
       2.651362188780e-04       1.167018448619e+03 
       2.850329624337e-04       1.250831763357e+03 
       3.059359461624e-04       1.338574888258e+03 
       3.279525244684e-04       1.430664707620e+03 
       3.512000868083e-04       1.527552640868e+03 
       3.758067679555e-04       1.629726450508e+03 
       4.019120379359e-04       1.737711332285e+03 
       4.296670959971e-04       1.852069963487e+03 
       4.592349721928e-04       1.973401124133e+03 
       4.907902187338e-04       2.102336385647e+03 
       5.245180541642e-04       2.239534363098e+03 
       5.606128113638e-04       2.385671997605e+03 
       5.992755419706e-04       2.541432285883e+03 
       6.407106531805e-04       2.707488215379e+03 
       6.851215064256e-04       2.884482694084e+03 
       7.327049973768e-04       3.073004890643e+03 
       7.836452634697e-04       3.273563726811e+03 
       8.381068191921e-04       3.486560158477e+03 
       8.962275784381e-04       3.712260151695e+03 
       9.581123530448e-04       3.950770980140e+03 
       1.023827477408e-03       4.202023608123e+03 
       1.093397167688e-03       4.465763268377e+03 
       1.166802068348e-03       4.741550037046e+03 
       1.243980187374e-03       5.028769913069e+03 
       1.324830123093e-03       5.326655276409e+03 
       1.409216205131e-03       5.634296708751e+03 
       1.496974969451e-03       5.950697399652e+03 
       1.587922298151e-03       6.274833814057e+03 
       1.681860580802e-03       6.605632691369e+03 
       1.778585369508e-03       6.942022904306e+03 
       1.877891163238e-03       7.282959432595e+03 
       1.979576127581e-03       7.627442204734e+03 
       2.083445703585e-03       7.974530129834e+03 
       2.189315168197e-03       8.323349691667e+03 
       2.297011276117e-03       8.673099971998e+03 
       2.406373144121e-03       9.023054086825e+03 
       2.517252543393e-03       9.372557985029e+03 
       2.629513752891e-03       9.721027793892e+03 
       2.743033105250e-03       1.006794603220e+04 
       2.857698332226e-03       1.041285565242e+04 
       2.973407792797e-03       1.075535910242e+04 
       3.090069645929e-03       1.109510467548e+04 
       3.207601012343e-03       1.143179157979e+04 
       3.325927155632e-03       1.176515899572e+04 
       3.444980702313e-03       1.209498297927e+04 
       3.564700912408e-03       1.242106933325e+04 
       3.685033006459e-03       1.274325724569e+04 
       3.805927550848e-03       1.306140761546e+04 
       3.927339900664e-03       1.337540844683e+04 
       4.049229697628e-03       1.368515856162e+04 
       4.171560419590e-03       1.399058332026e+04 
       4.294298977609e-03       1.429161904464e+04 
       4.417415356409e-03       1.458821377059e+04 
       4.540882294077e-03       1.488032963624e+04 
       4.664674997000e-03       1.516793835014e+04 
       4.788770886328e-03       1.545102169703e+04 
       4.913149372509e-03       1.572957283356e+04 
       5.037791654784e-03       1.600358568767e+04 
       5.162680542801e-03       1.627305879294e+04 
       5.287800297841e-03       1.653800571087e+04 
       5.413136491381e-03       1.679843579302e+04 
       5.538675879014e-03       1.705437222555e+04 
       5.664406287936e-03       1.730583206878e+04 
       5.790316516449e-03       1.755284456736e+04 
       5.916396244091e-03       1.779542997868e+04 
       6.042635951187e-03       1.803362223693e+04 
       6.169026846731e-03       1.826745535880e+04 
       6.295560803677e-03       1.849695258296e+04 
       6.422230300795e-03       1.872215631536e+04 
       6.549028370360e-03       1.894309921097e+04 
       6.675948551041e-03       1.915981233557e+04 
       6.802984845400e-03       1.937234228353e+04 
       6.930131681530e-03       1.958072404915e+04 
       7.057383878354e-03       1.978499327291e+04 
       7.184736614224e-03       1.998518988076e+04 
       7.312185398459e-03       2.018135901765e+04 
       7.439726045512e-03       2.037353021704e+04 
       7.567354651505e-03       2.056176752012e+04 
       7.695067572888e-03       2.074608538721e+04 
       7.822861407000e-03       2.092654204874e+04 
       7.950732974349e-03       2.110317431184e+04 
       8.078679302445e-03       2.127602496116e+04 
       8.206697611022e-03       2.144513881597e+04 
       8.334785298529e-03       2.161054201377e+04 
       8.462939929753e-03       2.177230578068e+04 
       8.591159224487e-03       2.193045195779e+04 
       8.719441047124e-03       2.208501969812e+04 
       8.847783397110e-03       2.223604195502e+04 
       8.976184400164e-03       2.238358223910e+04 
       9.104642300204e-03       2.252766138178e+04 
       9.233155451908e-03       2.266832426290e+04 
       9.361722313872e-03       2.280560890053e+04 
       9.490341442280e-03       2.293955781947e+04 
       9.619011485082e-03       2.307020915744e+04 
       9.747731176599e-03       2.319758843103e+04 
       9.876499332552e-03       2.332175305405e+04 
       1.000531484545e-02       2.344271728401e+04 
       1.013417668033e-02       2.356054031729e+04 
       1.026308387080e-02       2.367524616777e+04 
       1.039203551541e-02       2.378687531555e+04 
       1.052103077421e-02       2.389546685361e+04 
       1.065006886565e-02       2.400105267630e+04 
       1.077914906364e-02       2.410366335289e+04 
       1.090827069482e-02       2.420334203728e+04 
       1.103743313607e-02       2.430012567451e+04 
       1.116663581216e-02       2.439404545673e+04 
       1.129587819357e-02       2.448513228557e+04 
       1.142515979446e-02       2.457342653461e+04 
       1.155448017080e-02       2.465895528542e+04 
       1.168383891861e-02       2.474175206847e+04 
       1.181323567237e-02       2.482185872642e+04 
       1.194267010343e-02       2.489929347868e+04 
       1.207214191868e-02       2.497410870897e+04 
       1.220165085921e-02       2.504631119596e+04 
       1.233119669907e-02       2.511596759915e+04 
       1.246077924420e-02       2.518308616298e+04 
       1.259039833132e-02       2.524769054176e+04 
       1.272005382697e-02       2.530983643417e+04 
       1.284974562664e-02       2.536953616561e+04 
       1.297947365388e-02       2.542683837457e+04 
       1.310923785958e-02       2.548175286649e+04 
       1.323903822118e-02       2.553432220277e+04 
       1.336887474209e-02       2.558456898373e+04 
       1.349874745101e-02       2.563253732324e+04 
       1.362865640141e-02       2.567824821244e+04 
       1.375860167099e-02       2.572170557747e+04 
       1.388858336121e-02       2.576296465345e+04 
       1.401860159688e-02       2.580205022213e+04 
       1.414865652573e-02       2.583898957680e+04 
       1.427874831808e-02       2.587379427734e+04 
       1.440887716652e-02       2.590650548838e+04 
       1.453904328559e-02       2.593715281333e+04 
       1.466924691159e-02       2.596575409016e+04 
       1.479948830228e-02       2.599233645654e+04 
       1.492976773673e-02       2.601692927315e+04 
       1.506008551513e-02       2.603955218020e+04 
       1.519044195868e-02       2.606024501433e+04 
       1.532083740943e-02       2.607902275126e+04 
       1.545127223022e-02       2.609592304432e+04 
       1.558174680461e-02       2.611096100882e+04 
       1.571226153681e-02       2.612416181137e+04 
       1.584281685170e-02       2.613555880407e+04 
       1.597341319479e-02       2.614515196301e+04 
       1.610405103226e-02       2.615297867128e+04 
       1.623473085099e-02       2.615906737817e+04 
       1.636545315865e-02       2.616341907262e+04 
       1.649621848373e-02       2.616609542505e+04 
       1.662702737567e-02       2.616708005778e+04 
       1.675788040498e-02       2.616641101308e+04 
       1.688877816336e-02       2.616413079046e+04 
       1.701972126387e-02       2.616024015793e+04 
       1.715071034106e-02       2.615477325059e+04 
       1.728174605121e-02       2.614774110075e+04 
       1.741282907251e-02       2.613917358489e+04 
       1.754396010529e-02       2.612907580924e+04 
       1.767513987222e-02       2.611749834657e+04 
       1.780636911863e-02       2.610446313643e+04 
       1.793764861274e-02       2.608994500738e+04 
       1.806897914596e-02       2.607402507573e+04 
       1.820036153318e-02       2.605667151510e+04 
       1.833179661312e-02       2.603797624947e+04 
       1.846328524865e-02       2.601788251589e+04 
       1.859482832715e-02       2.599642392740e+04 
       1.872642676089e-02       2.597366579894e+04 
       1.885808148739e-02       2.594958674958e+04 
       1.898979346988e-02       2.592423171571e+04 
       1.912156369767e-02       2.589761310118e+04 
       1.925339318662e-02       2.586975086196e+04 
       1.938528297958e-02       2.584065720029e+04 
       1.951723414690e-02       2.581037265939e+04 
       1.964924778691e-02       2.577890546945e+04 
       1.978132502638e-02       2.574626310822e+04 
       1.991346702117e-02       2.571249023427e+04 
       2.004567495665e-02       2.567754429734e+04 
       2.017795004836e-02       2.564151631791e+04 
       2.031029354258e-02       2.560438614913e+04 
       2.044270671692e-02       2.556622374574e+04 
       2.057519088097e-02       2.552699187509e+04 
       2.070774737695e-02       2.548672344361e+04 
       2.084037758038e-02       2.544543271967e+04 
       2.097308290079e-02       2.540314775457e+04 
       2.110586478242e-02       2.535987555644e+04 
       2.123872470496e-02       2.531564747413e+04 
       2.137166418434e-02       2.527046928703e+04 
       2.150468477352e-02       2.522438459555e+04 
       2.163778806327e-02       2.517739848480e+04 
       2.177097568305e-02       2.512946905015e+04 
       2.190424930187e-02       2.508068832160e+04 
       2.203761062915e-02       2.503104910168e+04 
       2.217106141571e-02       2.498058809433e+04 
       2.230460345465e-02       2.492929622571e+04 
       2.243823858241e-02       2.487715914549e+04 
       2.257196867970e-02       2.482427437404e+04 
       2.270579567260e-02       2.477056994331e+04 
       2.283972153363e-02       2.471607497829e+04 
       2.297374828284e-02       2.466094550442e+04 
       2.310787798898e-02       2.460502008158e+04 
       2.324211277066e-02       2.454835196661e+04 
       2.337645479759e-02       2.449099777304e+04 
       2.351090629182e-02       2.443291880680e+04 
       2.364546952903e-02       2.437427965001e+04 
       2.378014683990e-02       2.431495365040e+04 
       2.391494061145e-02       2.425495879772e+04 
       2.404985328850e-02       2.419430981363e+04 
       2.418488737510e-02       2.413304412578e+04 
       2.432004543610e-02       2.407120565931e+04 
       2.445533009864e-02       2.400878697597e+04 
       2.459074405384e-02       2.394577938413e+04 
       2.472629005842e-02       2.388219675412e+04 
       2.486197093642e-02       2.381809012059e+04 
       2.499778958103e-02       2.375341478646e+04 
       2.513374895635e-02       2.368823816608e+04 
       2.526985209934e-02       2.362258261925e+04 
       2.540610212177e-02       2.355645737008e+04 
       2.554250221222e-02       2.348983090780e+04 
       2.567905563821e-02       2.342269807145e+04 
       2.581576574833e-02       2.335514249786e+04 
       2.595263597449e-02       2.328710753702e+04 
       2.608966983422e-02       2.321869002585e+04 
       2.622687093308e-02       2.314983893547e+04 
       2.636424296713e-02       2.308059037263e+04 
       2.650178972545e-02       2.301091445936e+04 
       2.663951509286e-02       2.294087345287e+04 
       2.677742305259e-02       2.287045606647e+04 
       2.691551768916e-02       2.279971021429e+04 
       2.705380319129e-02       2.272857729598e+04 
       2.719228385497e-02       2.265712425575e+04 
       2.733096408661e-02       2.258530519785e+04 
       2.746984840627e-02       2.251323499713e+04 
       2.760894145110e-02       2.244080569877e+04 
       2.774824797880e-02       2.236816690837e+04 
       2.788777287131e-02       2.229511825776e+04 
       2.802752113853e-02       2.222187139959e+04 
       2.816749792229e-02       2.214835061399e+04 
       2.830770850039e-02       2.207455563048e+04 
       2.844815829080e-02       2.200052821669e+04 
       2.858885285609e-02       2.192624013948e+04 
       2.872979790796e-02       2.185180175812e+04 
       2.887099931194e-02       2.177707409355e+04 
       2.901246309235e-02       2.170207204906e+04 
       2.915419543739e-02       2.162696139512e+04 
       2.929620270443e-02       2.155167294443e+04 
       2.943849142560e-02       2.147619477941e+04 
       2.958106831346e-02       2.140051421285e+04 
       2.972394026703e-02       2.132468698912e+04 
       2.986711437803e-02       2.124865868188e+04 
       3.001059793733e-02       2.117252525093e+04 
       3.015439844177e-02       2.109626960406e+04 
       3.029852360114e-02       2.101979099983e+04 
       3.044298134556e-02       2.094324413662e+04 
       3.058777983316e-02       2.086659424967e+04 
       3.073292745804e-02       2.078977907201e+04 
       3.087843285864e-02       2.071289206308e+04 
       3.102430492642e-02       2.063585681346e+04 
       3.117055281498e-02       2.055882232731e+04 
       3.131718594959e-02       2.048165466555e+04 
       3.146421403705e-02       2.040440905848e+04 
       3.161164707616e-02       2.032708273247e+04 
       3.175949536855e-02       2.024970294519e+04 
       3.190776953007e-02       2.017226398263e+04 
       3.205648050266e-02       2.009475612512e+04 
       3.220563956689e-02       2.001713605041e+04 
       3.235525835496e-02       1.993952059051e+04 
       3.250534886444e-02       1.986184960601e+04 
       3.265592347266e-02       1.978416944466e+04 
       3.280699495172e-02       1.970650392358e+04 
       3.295857648437e-02       1.962869908778e+04 
       3.311068168063e-02       1.955097800547e+04 
       3.326332459524e-02       1.947315818531e+04 
       3.341651974602e-02       1.939540319574e+04 
       3.357028213319e-02       1.931763679872e+04 
       3.372462725969e-02       1.923975762368e+04 
       3.387957115258e-02       1.916200919550e+04 
       3.403513038558e-02       1.908421684004e+04 
       3.419132210281e-02       1.900641729493e+04 
       3.434816404389e-02       1.892865720390e+04 
       3.450567457032e-02       1.885087560833e+04 
       3.466387269341e-02       1.877312829532e+04 
       3.482277810380e-02       1.869539175265e+04 
       3.498241120258e-02       1.861773632874e+04 
       3.514279313426e-02       1.854000211210e+04 
       3.530394582169e-02       1.846241478928e+04 
       3.546589200297e-02       1.838475868393e+04 
       3.562865527060e-02       1.830715544385e+04 
       3.579226011305e-02       1.822958434821e+04 
       3.595673195871e-02       1.815212838307e+04 
       3.612209722277e-02       1.807459890224e+04 
       3.628838335687e-02       1.799714060241e+04 
       3.645561890196e-02       1.791975575218e+04 
       3.662383354454e-02       1.784234015598e+04 
       3.679305817662e-02       1.776499913391e+04 
       3.696332495946e-02       1.768767735966e+04 
       3.713466739176e-02       1.761044293227e+04 
       3.730712038233e-02       1.753315536827e+04 
       3.748072032773e-02       1.745599681437e+04 
       3.765550519536e-02       1.737889385010e+04 
       3.783151461234e-02       1.730175125947e+04 
       3.800878996073e-02       1.722468373183e+04 
       3.818737447964e-02       1.714764878154e+04 
       3.836731337478e-02       1.707062011037e+04 
       3.854865393623e-02       1.699363295161e+04 
       3.873144566494e-02       1.691671775616e+04 
       3.891574040909e-02       1.683980546995e+04 
       3.910159251086e-02       1.676292573409e+04 
       3.928905896483e-02       1.668603523440e+04 
       3.947819958908e-02       1.660919592374e+04 
       3.966907721009e-02       1.653235914321e+04 
       3.986175786298e-02       1.645552932593e+04 
       4.005631100842e-02       1.637875299915e+04 
       4.025280976812e-02       1.630187261324e+04 
       4.045133118057e-02       1.622506658951e+04 
       4.065195647939e-02       1.614824961480e+04 
       4.085477139645e-02       1.607142154414e+04 
       4.105986649264e-02       1.599458382961e+04 
       4.126733751924e-02       1.591767849152e+04 
       4.147728581327e-02       1.584072042966e+04 
       4.168981873081e-02       1.576378570408e+04 
       4.190505012252e-02       1.568675268541e+04 
       4.212310085654e-02       1.560963370773e+04 
       4.234409939426e-02       1.553249403298e+04 
       4.256818242556e-02       1.545525593408e+04 
       4.279549557094e-02       1.537799370668e+04 
       4.302619415888e-02       1.530056453290e+04 
       4.326044408851e-02       1.522302599105e+04 
       4.349842278842e-02       1.514539124306e+04 
       4.374032028508e-02       1.506756485588e+04 
       4.398634039554e-02       1.498961896934e+04 
       4.423670206220e-02       1.491152288630e+04 
       4.449164084984e-02       1.483321708430e+04 
       4.475141062896e-02       1.475469094630e+04 
       4.501628547313e-02       1.467594538359e+04 
       4.528656180344e-02       1.459696751539e+04 
       4.556256081871e-02       1.451768425925e+04 
       4.584463125746e-02       1.443810781452e+04 
       4.613315254607e-02       1.435824648639e+04 
       4.642853839839e-02       1.427796770039e+04 
       4.673124094459e-02       1.419735813636e+04 
       4.704175548293e-02       1.411629823885e+04 
       4.736062596734e-02       1.403480279213e+04 
       4.768845136776e-02       1.395276861555e+04 
       4.802589306972e-02       1.387020780318e+04 
       4.837368351651e-02       1.378703616907e+04 
       4.873263634367e-02       1.370323541896e+04 
       4.910365831340e-02       1.361869229698e+04 
       4.948776342966e-02       1.353334151237e+04 
       4.988608970742e-02       1.344720798337e+04 
       5.029991918682e-02       1.336004527995e+04 
       5.073070193280e-02       1.327187741916e+04 
       5.118008495113e-02       1.318249343688e+04 
       5.164994719479e-02       1.309187352272e+04 
       5.214244214378e-02       1.299973122901e+04 
       5.266004983246e-02       1.290600786884e+04 
       5.320564068855e-02       1.281037999789e+04 
       5.378255415092e-02       1.271267720141e+04 
       5.439469575080e-02       1.261258522366e+04 
       5.504665714576e-02       1.250968996273e+04 
       5.574386438888e-02       1.240350294124e+04 
       5.649276025419e-02       1.229355257946e+04 
       5.730102618202e-02       1.217896287191e+04 
       5.817784724415e-02       1.205887437133e+04 
       5.913421727998e-02       1.193195372829e+04 
       6.018326700056e-02       1.179657770173e+04 
       6.134056850684e-02       1.165057781016e+04 
       6.262431502106e-02       1.149095161343e+04 
       6.405518353025e-02       1.131392372933e+04 
       6.565556109213e-02       1.111426338458e+04 
       6.744769999035e-02       1.088565970833e+04 
       6.945041702124e-02       1.062075374962e+04 
       7.167445058314e-02       1.031213410526e+04 
       7.411771741605e-02       9.954307422031e+03 
       7.676292013742e-02       9.546163004166e+03 
       7.957970971400e-02       9.093139231634e+03 
       8.253104882156e-02       8.607593237171e+03 
       8.558059157249e-02       8.107073107175e+03 
       8.869777121667e-02       7.611139535395e+03 
       9.185957037918e-02       7.138235995502e+03 
       9.504993610559e-02       6.703270415991e+03 
       9.825823226781e-02       6.316440595661e+03 
       1.014776419754e-01       5.982702959250e+03 
       1.047038869928e-01       5.702276600616e+03 
       1.079343171607e-01       5.471473519529e+03 
       1.111673039132e-01       5.283481778368e+03 
       1.144018512786e-01       5.129404847000e+03 
       1.176373518663e-01       4.999245238066e+03 
       1.208734358221e-01       4.882823483756e+03 
       1.241098780749e-01       4.770671508016e+03 
       1.273465416528e-01       4.654847151133e+03 
       1.305833431415e-01       4.529574063281e+03 
       1.338202316717e-01       4.391616239117e+03 
       1.370571761504e-01       4.240364669952e+03 
       1.402941575045e-01       4.077567377014e+03 
       1.435311639722e-01       3.906812306751e+03 
       1.467681882430e-01       3.732853613119e+03 
       1.500052257215e-01       3.560883461584e+03 
       1.532422734722e-01       3.395862800938e+03 
       1.564793295783e-01       3.242010150381e+03 
       1.597163927518e-01       3.102434954321e+03 
       1.629534620956e-01       2.978951165965e+03 
       1.661905369585e-01       2.872065530274e+03 
       1.694276168463e-01       2.781078173566e+03 
       1.726647013674e-01       2.704269003225e+03 
       1.759017901991e-01       2.639159930546e+03 
       1.791388830661e-01       2.582803965503e+03 
       1.823759797278e-01       2.532064006695e+03 
       1.856130799694e-01       2.484286163518e+03 
       1.888501835963e-01       2.436655829705e+03 
       1.920872904306e-01       2.386664107033e+03 
       1.953244003082e-01       2.332827204812e+03 
       1.985615130771e-01       2.274483399429e+03 
       2.017986285958e-01       2.211781784850e+03 
       2.050357467324e-01       2.145565750570e+03 
       2.082728673634e-01       2.077197465869e+03 
       2.115099903731e-01       2.008282827674e+03 
       2.147471156530e-01       1.940449759305e+03 
       2.179842431010e-01       1.875181435669e+03 
       2.212213726214e-01       1.813687524374e+03 
       2.244585041236e-01       1.756830009831e+03 
       2.276956375227e-01       1.705125764036e+03 
       2.309327727382e-01       1.658732082855e+03 
       2.341699096942e-01       1.617476437299e+03 
       2.374070483192e-01       1.580879917316e+03 
       2.406441885453e-01       1.548214228188e+03 
       2.438813303083e-01       1.518577954353e+03 
       2.471184735475e-01       1.490983836108e+03 
       2.503556182051e-01       1.464465294289e+03 
       2.535927642266e-01       1.438172807418e+03 
       2.568299115600e-01       1.411438361927e+03 
       2.600670601561e-01       1.383814071904e+03 
       2.633042099679e-01       1.355078636423e+03 
       2.665413609510e-01       1.325224379515e+03 
       2.697785130630e-01       1.294432958102e+03 
       2.730156662633e-01       1.263030297366e+03 
       2.762528205136e-01       1.231457456000e+03 
       2.794899757771e-01       1.200207258553e+03 
       2.827271320189e-01       1.169779714304e+03 
       2.859642892056e-01       1.140620520843e+03 
       2.892014473051e-01       1.113071818141e+03 
       2.924386062871e-01       1.087347918538e+03 
       2.956757661225e-01       1.063510030025e+03 
       2.989129267832e-01       1.041505630108e+03 
       3.021500882428e-01       1.021169697301e+03 
       3.053872504755e-01       1.002269204389e+03 
       3.086244134571e-01       9.845287569494e+02 
       3.118615771639e-01       9.676562455706e+02 
       3.150987415737e-01       9.513661610227e+02 
       3.183359066647e-01       9.353898995079e+02 
       3.215730724164e-01       9.194986289132e+02 
       3.248102388089e-01       9.035217016375e+02 
       3.280474058231e-01       8.873575092269e+02 
       3.312845734407e-01       8.709801558831e+02 
       3.345217416441e-01       8.544345169710e+02 
       3.377589104164e-01       8.378184486480e+02 
       3.409960797413e-01       8.212643525538e+02 
       3.442332496032e-01       8.049120182240e+02 
       3.474704199869e-01       7.889028072155e+02 
       3.507075908779e-01       7.733568311418e+02 
       3.539447622624e-01       7.583749971283e+02 
       3.571819341267e-01       7.440311016849e+02 
       3.604191064579e-01       7.303638824648e+02 
       3.636562792435e-01       7.173874920174e+02 
       3.668934524714e-01       7.050698676214e+02 
       3.701306261299e-01       6.933518729154e+02 
       3.733678002079e-01       6.821435714532e+02 
       3.766049746943e-01       6.713473272260e+02 
       3.798421495788e-01       6.608591112603e+02 
       3.830793248513e-01       6.505911084449e+02 
       3.863165005018e-01       6.404719922002e+02 
       3.895536765210e-01       6.304529108356e+02 
       3.927908528997e-01       6.205033654590e+02 
       3.960280296290e-01       6.106071695183e+02 
       3.992652067004e-01       6.007643138919e+02 
       4.025023841056e-01       5.909867425332e+02 
       4.057395618366e-01       5.812995931371e+02 
       4.089767398856e-01       5.717378253790e+02 
       4.122139182451e-01       5.623416661633e+02 
       4.154510969078e-01       5.531511490048e+02 
       4.186882758666e-01       5.441992015452e+02 
       4.219254551147e-01       5.355068011241e+02 
       4.251626346455e-01       5.270838902044e+02 
       4.283998144526e-01       5.189296937211e+02 
       4.316369945296e-01       5.110361771818e+02 
       4.348741748706e-01       5.033914305105e+02 
       4.381113554696e-01       4.959802473516e+02 
       4.413485363210e-01       4.887852948610e+02 
       4.445857174193e-01       4.817836677849e+02 
       4.478228987590e-01       4.749503339526e+02 
       4.510600803350e-01       4.682568052301e+02 
       4.542972621422e-01       4.616780985081e+02 
       4.575344441756e-01       4.551926927674e+02 
       4.607716264305e-01       4.487878081514e+02 
       4.640088089022e-01       4.424582079400e+02 
       4.672459915862e-01       4.362034104012e+02 
       4.704831744781e-01       4.300290613912e+02 
       4.737203575737e-01       4.239394651608e+02 
       4.769575408687e-01       4.179413736886e+02 
       4.801947243591e-01       4.120418277013e+02 
       4.834319080410e-01       4.062498248990e+02 
       4.866690919105e-01       4.005751691712e+02 
       4.899062759640e-01       3.950279734261e+02 
       4.931434601977e-01       3.896156439796e+02 
       4.963806446082e-01       3.843411367645e+02 
       4.996178291920e-01       3.792015931852e+02 
       5.028550139457e-01       3.741895099515e+02 
       5.060921988660e-01       3.692942579415e+02 
       5.093293839499e-01       3.645046448190e+02 
       5.125665691941e-01       3.598106772832e+02 
       5.158037545957e-01       3.552040111903e+02 
       5.190409401516e-01       3.506782193411e+02 
       5.222781258591e-01       3.462264405043e+02 
       5.255153117152e-01       3.418425590097e+02 
       5.287524977174e-01       3.375209000387e+02 
       5.319896838628e-01       3.332573923414e+02 
       5.352268701489e-01       3.290516815288e+02 
       5.384640565731e-01       3.249052048469e+02 
       5.417012431330e-01       3.208219526487e+02 
       5.449384298261e-01       3.168063516961e+02 
       5.481756166500e-01       3.128616519304e+02 
       5.514128036025e-01       3.089892086487e+02 
       5.546499906813e-01       3.051887867204e+02 
       5.578871778842e-01       3.014583836252e+02 
       5.611243652090e-01       2.977969236508e+02 
       5.643615526537e-01       2.942038318032e+02 
       5.675987402161e-01       2.906786222741e+02 
       5.708359278943e-01       2.872205652643e+02 
       5.740731156863e-01       2.838280766733e+02 
       5.773103035901e-01       2.804975704863e+02 
       5.805474916040e-01       2.772246170505e+02 
       5.837846797260e-01       2.740048807696e+02 
       5.870218679544e-01       2.708349157081e+02 
       5.902590562874e-01       2.677130134216e+02 
       5.934962447234e-01       2.646380847363e+02 
       5.967334332605e-01       2.616102733812e+02 
       5.999706218972e-01       2.586286045413e+02 
       6.032078106319e-01       2.556918551504e+02 
       6.064449994630e-01       2.527981504076e+02 
       6.096821883890e-01       2.499461884821e+02 
       6.129193774083e-01       2.471354077063e+02 
       6.161565665195e-01       2.443666444093e+02 
       6.193937557211e-01       2.416413398977e+02 
       6.226309450117e-01       2.389606597994e+02 
       6.258681343900e-01       2.363249595219e+02 
       6.291053238545e-01       2.337333829609e+02 
       6.323425134040e-01       2.311845637302e+02 
       6.355797030372e-01       2.286755776507e+02 
       6.388168927527e-01       2.262056661458e+02 
       6.420540825493e-01       2.237740340073e+02 
       6.452912724259e-01       2.213804194418e+02 
       6.485284623811e-01       2.190242614088e+02 
       6.517656524139e-01       2.167047993554e+02 
       6.550028425230e-01       2.144203281210e+02 
       6.582400327074e-01       2.121687877117e+02 
       6.614772229659e-01       2.099485401982e+02 
       6.647144132975e-01       2.077583181850e+02 
       6.679516037010e-01       2.055981874621e+02 
       6.711887941755e-01       2.034685990079e+02 
       6.744259847199e-01       2.013699364713e+02 
       6.776631753332e-01       1.993020490335e+02 
       6.809003660145e-01       1.972642557922e+02 
       6.841375567627e-01       1.952554664155e+02 
       6.873747475769e-01       1.932743443320e+02 
       6.906119384562e-01       1.913205501189e+02 
       6.938491293997e-01       1.893941549734e+02 
       6.970863204064e-01       1.874957790847e+02 
       7.003235114756e-01       1.856256181981e+02 
       7.035607026062e-01       1.837830758516e+02 
       7.067978937976e-01       1.819674874474e+02 
       7.100350850488e-01       1.801773967570e+02 
       7.132722763590e-01       1.784116222391e+02 
       7.165094677275e-01       1.766691458008e+02 
       7.197466591534e-01       1.749501816644e+02 
       7.229838506360e-01       1.732547937817e+02 
       7.262210421745e-01       1.715830823471e+02 
       7.294582337682e-01       1.699346665479e+02 
       7.326954254163e-01       1.683085355147e+02 
       7.359326171181e-01       1.667036932822e+02 
       7.391698088729e-01       1.651189975304e+02 
       7.424070006800e-01       1.635545202736e+02 
       7.456441925388e-01       1.620102769695e+02 
       7.488813844485e-01       1.604865203937e+02 
       7.521185764085e-01       1.589836316191e+02 
       7.553557684182e-01       1.575012958922e+02 
       8.241622972739e-01       1.300998470875e+02 
       9.230252766235e-01       1.012122299360e+02 
       1.079317318342e+00       7.122766989696e+01 
       1.328176842577e+00       4.434836817230e+01 
       1.669269065459e+00       2.606686677153e+01 
       2.101431719865e+00       1.512577175430e+01 
       2.645545593106e+00       8.704888526111e+00 
       3.330544575116e+00       4.972673226746e+00 
       4.192907200727e+00       2.821534409520e+00 
       5.278557424290e+00       1.591175793801e+00 
       6.645310079053e+00       8.923001813915e-01 
       8.365949727772e+00       4.978165867172e-01 
       1.053210670608e+01       2.764182237319e-01 
